0.775
0.3125
0.255882352941
0.87
0.388888888889
0.695238095238
0.9
0.9
0.803571428571
0.614285714286
0.833333333333
0.423611111111
0.857142857143
0.0863425925926
0.77380952381
0.928571428571
0.827976190476
0.183333333333
0.857142857143
0.666666666667
0.625
0.875
0.75
0.8
0.466666666667
0.75
1.0
0.154797979798
0.39914021164
0.829545454545
0.62380952381
0.763888888889
0.342857142857
0.486263736264
0.9
0.78125
0.483333333333
0.241617063492
0.311111111111
0.757142857143
0.47619047619
0.514285714286
0.916666666667
0.669642857143
0.779166666667
0.447619047619
0.208333333333
0.3125
0.938775510204
0.542857142857
0.785714285714
0.4625
0.75
0.583333333333
0.75
0.0916666666667
0.882142857143
0.737268518519
0.8125
0.6
0.6
0.916666666667
0.916666666667
0.916666666667
0.688831168831
0.4
1.0
0.77375
0.643333333333
0.741071428571
0.712121212121
0.875
0.806666666667
0.5
0.54
0.875
0.8
0.75
0.280032467532
0.875
0.396875
0.625283446712
1.0
0.221428571429
0.45
0.433333333333
0.788095238095
1.0
0.275
0.545
0.25
0.75
0.602678571429
0.595
0.430555555556
0.5
0.714285714286
0.9
0.834090909091
0.833333333333
0.65306122449
1.0
0.589285714286
0.8
0.31
0.87
0.857142857143
0.3375
0.65
0.590277777778
0.8
0.874404761905
0.833333333333
0.683928571429
0.79375
0.589569160998
0.6875
0.691666666667
0.8
0.302678571429
0.76556122449
0.562268518519
0.729166666667
0.405462184874
0.142857142857
0.823633156966
0.561111111111
0.617261904762
0.728571428571
0.733333333333
0.680555555556
0.72
0.675137362637
0.193452380952
0.6
0.629166666667
0.875
0.635317460317
0.0625
0.545918367347
0.194675925926
0.317575757576
0.375
0.8
0.55
0.560416666667
0.416666666667
0.675
0.733333333333
0.685714285714
0.444642857143
0.8125
0.916666666667
0.55
1.0
0.664285714286
0.745238095238
0.0571428571429
0.601851851852
0.0802083333333
0.8
0.791666666667
0.816666666667
0.8
0.0729166666667
0.473958333333
0.875
0.671666666667
0.75
1.0
0.666666666667
0.357142857143
0.309523809524
0.677083333333
0.428571428571
0.50625
0.733333333333
0.633333333333
0.321428571429
0.875
0.811111111111
0.775
0.619047619048
0.783333333333
0.794642857143
0.556150793651
0.416666666667
0.85
0.617346938776
0.75
0.722222222222
0.694444444444
0.55
0.729166666667
0
0.75
0.171428571429
0.548611111111
0.566666666667
0.0863945578231
0.865136054422
0.46986036839
0.1875
0.935
0.414215686275
1.0
0.563492063492
0.674642857143
0.5
0.533333333333
0.45303030303
0.77380952381
0.675
0.566220238095
0.825
0.557142857143
0.765625
0.733333333333
0.9
0.457142857143
0.928571428571
0.60119047619
0.5
0.197619047619
0.677083333333
1.0
0.766346153846
0.9
0.45
0.35
0.77380952381
0.788888888889
0.595416666667
0.166666666667
0.9
0.5319664903
0.5
0.28125
0.866666666667
0.798202614379
0.506750541126
0.761904761905
0.2575
0.549285714286
1.0
0.0688657407407
0.625
0.9
1.0
0.703571428571
0.833333333333
0.4
0.666666666667
0.342927631579
0.25
1.0
0.25
0.464285714286
0.493799603175
0.424242424242
1.0
0.833333333333
0.5
0.666666666667
0.883928571429
0.71164021164
0.498371212121
0.395833333333
0.777777777778
0.652777777778
0.784013605442
0.45
0.8
0.708994708995
0.552083333333
0.809523809524
0.664772727273
0.65
0.55
0.309523809524
0.9
0
0.4
0.666666666667
0.619047619048
0.733333333333
0.347222222222
0.867346938776
0.404166666667
0.75
0.777777777778
0.833333333333
0.633376623377
0.333333333333
0.75
0.725198412698
0.555952380952
0.785714285714
0.154947916667
0.747619047619
0.861111111111
0.712668350168
0.8125
0.462142857143
0.9
0.535714285714
0.952380952381
0.710204081633
0.75
0.81
0.9
0.238095238095
0.916666666667
0.75
0.625
0.416666666667
0.614166666667
0.80625
0.46875
0.9
0.240136054422
0.208333333333
0.916666666667
1.0
0.178571428571
0.833333333333
0.75
0.77
0.266666666667
0.75
0.583333333333
0.182043650794
0.733333333333
0.581349206349
0.6525
0.845
0.9
0.366104497354
0.861111111111
0.502604166667
0.916666666667
0.575
1.0
0.666666666667
0.366666666667
0.685714285714
0.520620748299
0.847222222222
1.0
0.738095238095
0.865079365079
0.5
0.916666666667
0.211666666667
0.875
0.754836309524
0.633333333333
0.942857142857
0.666666666667
0.811111111111
0.692857142857
0.704166666667
0.45
0.675
0.722222222222
0.823554421769
0.385
0.55
0.0254761904762
0.583333333333
0.208333333333
0.766666666667
0.266666666667
0.547222222222
0.697916666667
0.55
0.875
0.677083333333
0.527664399093
0.367346938776
1.0
0.527777777778
0.9375
0.557142857143
0.174579326923
0.629464285714
0.401785714286
0.672916666667
0.73125
0.633418367347
0.275
0.70974025974
0.75
0.666666666667
0.4375
0.4
0.522619047619
0.619047619048
0.879545454545
0.890625
0.8
0.126388888889
0.387125220459
1.0
0.675
0.9375
0.613333333333
0.736904761905
0.727678571429
0.421875
0.267857142857
0.9
0.86
0.647321428571
0.635416666667
0.375
0.208333333333
0.583333333333
0.606944444444
0.183333333333
0.688888888889
0.716071428571
0.5125
0.05625
0.455882352941
0.654761904762
0.682142857143
0.9
0.8125
0.875
0.715
0.5
0.619047619048
0.263854875283
0.291666666667
0.265625
0.6875
0.622222222222
0.805555555556
0.583333333333
0.0386904761905
0.704090909091
0.865079365079
0.799652777778
0.833333333333
0.75
0.706875
0.190625
0.933333333333
0.235714285714
0.8
0.527142857143
0.8125
0.166666666667
0.413265306122
0.614583333333
0.451388888889
0.75
0.250874125874
0.75
0.685185185185
0.620408163265
0.75
0.533333333333
0.402777777778
0.183333333333
0.7625
0.682142857143
0.75
1.0
0.2
0.105787037037
0.9
0.414285714286
0.75
0.583333333333
0.466666666667
0.4
0.67
0.8
0.794642857143
0.911111111111
0.533333333333
0.588425925926
0.428571428571
0.551978114478
0.348651960784
0.8
0.222569444444
0.477922077922
0.46875
0.670138888889
0.2
0.583333333333
0.772916666667
0.482142857143
0.475
0.475
0
1.0
0.523863636364
0.78125
0.9
0.86891025641
0.24375
0.916666666667
0.519494047619
0.9
0.633333333333
0.675
0.5625
0.814285714286
0.6
0.625
0.75
0.36369047619
0.675
0.71875
0.5
0.75
0.9
0.65625
1.0
0.471428571429
0.63125
0.4
0.6
0.349489795918
0.7
0.875
0.733333333333
0.65625
0.54
0.766071428571
0.666666666667
0.418055555556
0.9
0.675
0.8
0.7921875
0
0.562037037037
1.0
0.9
0.585
0.471861471861
0.770833333333
0.916666666667
0.388333333333
0.280357142857
0.561904761905
0.495
0.489583333333
0.767857142857
0.8125
0.63125
0.0666666666667
0.0458333333333
0.460714285714
0.717592592593
0.741666666667
0.757142857143
0.0902777777778
0.765625
1.0
0.573571428571
0.608125
0.766666666667
0.791666666667
0.0225
0.478125
0.765
0.0641666666667
0.309981684982
0.391666666667
0.617207792208
0.6875
0.707142857143
0.827380952381
0.816666666667
0.296026234568
0.733333333333
0.26625
0.477604166667
0.566666666667
0.60625
0.675
0.70873015873
0.520833333333
0.675
0.837566137566
0.256666666667
0.45
0.116666666667
0.75
0.833333333333
0.75
0.583333333333
1.0
0.572222222222
0.452168367347
0.840277777778
0.875
0.7475
0.78125
0.75
0.620192307692
0.763888888889
0.714285714286
0.576428571429
0.20505952381
0.675
0.733333333333
0.825446428571
0.779166666667
0.5
0.8
0.875
0.9
0.791156462585
0.619047619048
0.457341269841
0.761111111111
0.661111111111
0
0.45
0.388888888889
0.255092592593
0.616071428571
0.446666666667
0.65625
0.291666666667
0.707959183673
0.875
0.5875
0.811111111111
0.620714285714
0
0.777777777778
0.5
0.707142857143
0.128571428571
0.875
0.3875
0.818452380952
0.474098124098
0.391666666667
0.675
0.45
0.833333333333
0.50625
0.666666666667
0.583333333333
0.163265306122
0.916666666667
0.779166666667
0.91
0.7975
0.675
0.5
0.416666666667
0.45
0.833333333333
0.669973544974
0.55
0.180555555556
0.45
0.583333333333
0.449682539683
0.478571428571
0.538775510204
0.691666666667
0.583333333333
0.75
0.583333333333
0.425
0.0141025641026
0.809090909091
0.875
0.45
0.20487012987
0.442857142857
0.675
0.77380952381
0.678819444444
0.511796536797
0.3125
0.857142857143
0.9375
0.579365079365
0.586041666667
1.0
0.458571428571
0.333333333333
0.666666666667
0.4
0.875
0.45
0.765625
0.303819444444
0.720238095238
0.768333333333
0.857142857143
0.6875
1.0
0.542857142857
0.4
0.309523809524
0.883928571429
0.28125
0.701785714286
0.625
0.633333333333
0.232142857143
0.875
0.75
0.348214285714
0.729166666667
0.105324074074
0.566666666667
0.645833333333
0.9
0.119449168556
0.45
0.833333333333
0.350503905266
0.8
0.634523809524
1.0
0.596875
0.357514880952
1.0
0.43218537415
0.8
0.750680272109
0.76
0.36369047619
0.75
0.730158730159
0.797222222222
0.6
0.666666666667
0.602083333333
0.520535714286
0.158399470899
0.666666666667
0.807142857143
0
0.402472527473
0.465029761905
0.17031024531
0.9
0.875
0.648214285714
0.4375
0.757142857143
0.604220779221
1.0
0.619047619048
1.0
0.583333333333
0.9
0.8
0.55
0.435606060606
0.734821428571
0.506080246914
0.597083333333
0.0755937526526
0.75
0.785714285714
0.685714285714
0.7125
0.178240740741
0.729166666667
0.598958333333
0.625
0.638888888889
0.677777777778
0.401020408163
0.8
0.24537037037
0.277777777778
0.75
0.315
0.766666666667
0.875
0.107068452381
0.314705882353
0.9375
0.78125
0.414583333333
0.71
0.75
0.513888888889
0.364583333333
0.309523809524
0
0.729437229437
0.0578231292517
0.9
0.625
0.833333333333
0.824285714286
0.833333333333
0.447767857143
0.642857142857
0.423051948052
0.548611111111
0.561904761905
0.493001443001
0.727083333333
0.55
0.55
0.681547619048
0.8
0.553571428571
0.622698412698
0.666666666667
0.8
0.492888064317
0.691666666667
0.733333333333
0.2171875
0.916666666667
0.482954545455
0.75
0.4125
0.25
0.775
0
0.875
0.666666666667
0.403125
0.664965986395
0.307142857143
0
0.666666666667
0.390740740741
0.230681818182
0.675
0.53125
0.457142857143
0.803571428571
0.669127747253
0.451140873016
0.65
0.875
0.0558035714286
0.5
0.519642857143
0.047619047619
1.0
0.633333333333
0.79375
1.0
0.169642857143
0.546428571429
0.533333333333
0.581632653061
0.626984126984
0.653571428571
0.362083333333
0.325
0.266666666667
0.890625
0.22619047619
0.85
0.193369708995
0.466666666667
0.77380952381
0.72876984127
0.2078125
0.227777777778
0.75
0.51
0.635416666667
0.793333333333
0.622222222222
0.710714285714
0.583333333333
0.55
0.75
0.291666666667
0.8
0.7925
0.619047619048
0.208333333333
0.840909090909
0.666666666667
0.394588744589
0
0.9
0.586666666667
0.8
0.6
0.604166666667
1.0
0.6875
0.162733843537
0.9375
0.366666666667
0.714285714286
0.765
0.29375
0.677083333333
0.814285714286
0.342857142857
0.75
0.330357142857
0.5
0.618181818182
0.619047619048
0.447916666667
0.685714285714
0.712830687831
0.692857142857
0.763888888889
0.5
0.780476190476
0.725
0.5
0.4875
0.875
0.8
1.0
0.757142857143
0.0625
0.75
0.892857142857
0.193452380952
0.658333333333
0.277777777778
0.464285714286
0.0515873015873
0.566666666667
0.75
0.666666666667
0.754166666667
1.0
0.826388888889
0.364583333333
0.75
0.527777777778
0.666666666667
0.305555555556
0.43869047619
0.875
0.542857142857
0.263265306122
0.694444444444
0.845238095238
0.518181818182
0.558775510204
0.219047619048
0.676339285714
0.300396825397
0.833333333333
0.495238095238
0.581632653061
0.695238095238
0.416666666667
0.779545454545
0.55
0.90625
0.675
0.278571428571
0.756481481481
0.589285714286
0.631944444444
0.3125
0.702075702076
0.619047619048
0.666666666667
0.57619047619
0.792857142857
0.741666666667
0.376488095238
0.285714285714
0.833333333333
0.4
1.0
0.75
0.685714285714
0.167410714286
0.895238095238
1.0
0.589285714286
0.729166666667
0.614166666667
0.688775510204
0.291666666667
0.583333333333
0.243055555556
0.625
0.583333333333
0.84375
0.435714285714
0.633333333333
0.733333333333
0.583333333333
0.497685185185
0.5
0.0260416666667
0.305
0.685714285714
0.393939393939
1.0
0.675
0.583333333333
0.0483516483516
0.820918367347
0.718253968254
0.5625
0.75
0.7875
0.64880952381
0.798148148148
0.408333333333
0.928571428571
0.928571428571
0.697883597884
0.714285714286
0.695833333333
0.758333333333
0.803571428571
0.75
0.65625
0.875
0.522222222222
0.563180272109
0.533333333333
0.516402116402
0.8
0.56
0.6
0.585
0.0713624338624
0.666666666667
0.533333333333
0.944444444444
0.875
0.668121693122
0.625
0.558333333333
0.77380952381
0.45
0.225
0.794444444444
0.875
1.0
0.833333333333
0.50625
0.675
0.285714285714
0.166666666667
0.647619047619
0.719865319865
0.733333333333
0.695833333333
0.8
0.703174603175
0.84
0.514285714286
0.37619047619
0.542857142857
0.525
0.875
0.857142857143
0.75
0.45
0.5
0.6
0.364965986395
0.583333333333
0.2
0.760779220779
0.359693877551
1.0
0.182291666667
0.883928571429
0.5
0.845238095238
0.914285714286
0.785511363636
0.861111111111
0.490476190476
0.708333333333
0.338648388648
0.742592592593
0.306944444444
0
0.321428571429
0.287908496732
0.8
0.542592592593
0.045
0.643981481481
0.265178571429
0.716666666667
0.520833333333
0.833333333333
0.501666666667
0.45
0.733333333333
0.180555555556
0.682738095238
0.270833333333
0.6
0.625
0.85
0.7125
0.75
0.916666666667
0.39375
0.65625
0.675
0.677248677249
0.640277777778
0.9
0.626984126984
1.0
0.733333333333
0.569444444444
0.540873015873
0.825396825397
0.722222222222
0.689393939394
0.615625
0.8
0.675
0.612301587302
0.871428571429
0.825
0.92
0.0456349206349
0.633333333333
0.464930555556
0.591666666667
0.755681818182
0.883928571429
0.625
1.0
0.661904761905
0.675
0.845238095238
0.688888888889
0.916666666667
0.4875
0.399801587302
0.714285714286
0.333333333333
0.592857142857
0.221354166667
0.583333333333
0.575
0.547592592593
0.461111111111
0.77380952381
0.32671957672
0.8
0.343998015873
0.75
0.75
0.75
0.675
0.182291666667
0.589285714286
0.232142857143
0.689285714286
0.497023809524
0.916666666667
0.945833333333
0.694642857143
0.75
0.464285714286
0.5
0.757142857143
0.875
0.225
0.683418367347
0.875
0.827976190476
0.252232142857
0.689285714286
0.108333333333
0.959375
0.791666666667
0.691964285714
0.79375
0.583333333333
0.67
0.417708333333
0.8
0.840277777778
0.55
0.175
0.4
0.7975
0.816666666667
0.414444444444
0.583333333333
0.625
0.785714285714
0.797288359788
0.9
0.533333333333
0.728174603175
0.833333333333
0.6578125
0.8625
0.882142857143
0.366666666667
0.46875
0.475
0.916666666667
0.587420634921
0.583333333333
1.0
0.666666666667
0.497222222222
0.928571428571
0.114583333333
0.65
0.348845598846
0.666666666667
0.357142857143
0.361458333333
0.7875
0.333333333333
0.609523809524
0.333333333333
0.681818181818
0.522276334776
0.494949494949
0.520436507937
0.933333333333
0.685714285714
0.75
0.747222222222
0.628854875283
0.583333333333
0.328571428571
0.675
0.675
0.59375
0.0229166666667
0.56498015873
0.770833333333
0.223859126984
0.75
0.265625
0.569444444444
0.5
0.76
0.416666666667
0.828373015873
0.55
0.916666666667
0.10044973545
0.583333333333
0.82
0.14625
0.6546875
0.333333333333
0.834920634921
0.87
0.8
0.333333333333
0.595833333333
0.647916666667
0.783333333333
0.615740740741
0.2875
0.555378787879
0.663029100529
0.583333333333
0.333333333333
0.263888888889
0.431547619048
0.75
0.91
0.865079365079
0.702380952381
0.694444444444
0.876388888889
0.9
0.516666666667
1.0
0.753333333333
0.779166666667
0.687777777778
0.75
0.3
0.571428571429
0.323593073593
0.8
0.685714285714
0.9
0.373015873016
0.13125
0.370833333333
0.3
0.75375
0.457142857143
0.9
0.73125
0.669642857143
0.333333333333
0.5
0.763888888889
0.5
0.666666666667
0.0385714285714
0.875
0.706349206349
1.0
0.45
0.535714285714
0.9
0.833333333333
0.8125
0.77380952381
0.763888888889
0.625
0.2475
0.404461279461
1.0
0.142857142857
0.861111111111
0.75
0.675
0.447916666667
0.583333333333
0.373214285714
0.857142857143
0.65625
0.433333333333
0.7
0.689285714286
0.68125
0
0.625
0.346464646465
0.833333333333
0.504166666667
0.634920634921
0.841666666667
0.290178571429
0.6
0.431547619048
0.22
0.390571581197
0.675277777778
0.868333333333
0.675
0.833333333333
0.15873015873
0.715625
0.5875
0.862637362637
0.9
0.383501683502
0.3125
0.614087301587
0.583333333333
0.631632653061
0.84
0.781746031746
0.602777777778
0.445
0.536574074074
0.666666666667
0.483854166667
0.389583333333
0.79375
0.2
0.39375
0.75
0.766666666667
0.480681818182
0.771875
0.729166666667
0.659722222222
0.272652116402
0.606481481481
0.825396825397
0.472222222222
0.268904320988
0.733333333333
0.739583333333
0.357291666667
0.393406593407
0.675
0.339569160998
1.0
0.857142857143
0.648214285714
0.390022675737
0.933333333333
0.381547619048
0.449537037037
0.741071428571
0.348214285714
0.94140625
0.766666666667
0.392857142857
0.533333333333
0.659090909091
0.52380952381
0.451666666667
0.470833333333
1.0
0.54
0.8
0.686111111111
0.59375
0.845238095238
0.665178571429
0.834375
0.771428571429
0.17288961039
0.236111111111
0.75
0.62
0.733333333333
0.291349206349
0.0208333333333
0.377083333333
0.25
0.455555555556
0.754166666667
0.325
0.667619047619
0.85
0.56625
0.583333333333
0.625396825397
0.340277777778
0.666666666667
1.0
0.85
0.861111111111
0.225
0.439814814815
0.260416666667
0.675
0.875
0.833333333333
0.27968975469
0.53835978836
0.27
0.537161044974
0.553571428571
0.811383928571
0.64
0.392857142857
0.285
0.225
0.809523809524
0.416666666667
0.8125
0.645238095238
0.708333333333
0.875
0.62380952381
0.611111111111
0.736607142857
0.366666666667
0.371428571429
0.275
0.266666666667
0.867346938776
0.533333333333
0.208333333333
0.4
0.75
0.47
0.571428571429
0.661904761905
0.814285714286
0
0.225
0.8
0.0366666666667
0.742857142857
0.161728395062
0.685714285714
0.335317460317
0.675
0.6125
0.604166666667
0.52875
0.810714285714
0.362698412698
0.583333333333
0.779166666667
1.0
0.209375
0.583333333333
