0.222222222222
0
0.701388888889
0.911764705882
0
0.377777777778
0.833333333333
1.0
0.416666666667
0.70902014652
0.755681818182
0.75
0.0276709401709
0
0.818903722844
0.875
0.196428571429
0.583333333333
0.755681818182
0.857142857143
0.28625
0.1875
0.544537346711
0.848529411765
0.108333333333
0.416666666667
0.630555555556
1.0
0.05
0.321395775941
0.736842105263
1.0
0
0.39880952381
0.482142857143
0.416666666667
0.229166666667
0.540895061728
0.755681818182
1.0
0.25
0.416666666667
0
0.875
0
0.266666666667
0.887254901961
0.729166666667
0
0.416666666667
0.831060606061
0.8125
0.05
0.693333333333
0.5
0.875
0.172095959596
0.497916666667
0.675
0.875
0.380952380952
0.554734848485
0.780612244898
0.84126984127
0.391785714286
0
0.7
0.875
0.141987179487
0.583333333333
0.669642857143
0.0541666666667
0.333333333333
0.55
0.183333333333
0.65
0.853354978355
0.142307692308
0.571428571429
0.833333333333
0.125
0.425
0.5
0.235714285714
0.509316893424
1.0
0.181111111111
0.70902014652
0.691964285714
0.189583333333
0.583333333333
0
0
0.503125
0.875
0.0850694444444
0.75
0.7
0
0.35
0.0357142857143
0.464141414141
0.135
0
0
0.489210789211
0.121212121212
0.625
0
0.361111111111
0.05
0.314583333333
0.4
0.5
0.0347222222222
0.522222222222
0.0625
0.416666666667
0.165032051282
0.691435185185
0
0.301587301587
0.035625
0.708333333333
0
0.643518518519
0.202678571429
0.25
0.330555555556
0.5
0.392857142857
0.150072150072
0.356547619048
0
0.147569444444
0.35
0.0772058823529
0.266666666667
0.196428571429
0.75
0.0112179487179
0.485448717949
0.44375
0
0.261805555556
0.45
0.0138888888889
0.75
0.333333333333
0.45
0.247619047619
0.416666666667
0.216666666667
0.75
0.104166666667
0.590056022409
0.138888888889
0.693333333333
0.146604938272
0.6
0.0510416666667
0.533333333333
0.291666666667
0.714285714286
0.0263888888889
0.233333333333
0
0.564861111111
0.291666666667
0
0.0833333333333
0.52619047619
0.230416666667
0.464285714286
0.093005952381
0.5
0.4
0.6
0
0.668019480519
0
0.325
0
0.554734848485
0.136604020979
0.416666666667
0.0489417989418
0.616865079365
0.714285714286
0.1
0.291666666667
0.539285714286
0.367857142857
0.6
0.0641666666667
0.690178571429
0.25
0.554734848485
0.266666666667
0.222222222222
0.400213675214
0.522222222222
0
0.605902777778
0
0.416666666667
0.398888888889
0.835185185185
0.226666666667
0.5
0.51875
0.412169564182
0.195
0.37
0
0.604166666667
0.155218754168
0
0.188095238095
0.668019480519
0
0.675
0.315393518519
0.433333333333
0.190912097162
0.366666666667
0.0602678571429
0.574074074074
0.133441558442
0.690178571429
0.0218253968254
0.305021367521
0.5
0.522222222222
0.29788961039
0.515277777778
0.0462962962963
0.833333333333
0
0.75
0.431547619048
0.45
0.304166666667
0.675
0.283333333333
0
0
0
0.220578231293
0.290550595238
0
0.200892857143
0.08125
0.0166975881262
0.0642857142857
0.0177777777778
0.0266666666667
0.0978218210361
0.0729166666667
0.0380952380952
0.290416666667
0.666666666667
0.375
0.357142857143
0.046875
0.188492063492
0
0.251736111111
0
0
0.214285714286
0.1625
0.35
0
0.208333333333
0.142857142857
0.154761904762
0.5625
0.216326530612
0
0.075
0.1375
0.075
0.275841750842
0.18253968254
0
0.225347222222
0.291666666667
0.142144892145
0
0.277083333333
0.0625
0
0.266666666667
0.117142857143
0.284943181818
0.0544444444444
0.17777014652
0
0.266666666667
0.153571428571
0.0666666666667
0.170454545455
0
0.0319444444444
0.0694444444444
0.135416666667
0
0
0.25625
0.258928571429
0.0334821428571
0.256944444444
0.0520833333333
0.298611111111
0.0278554778555
0.0491071428571
0.598888888889
0
0.167287480007
0
0
0.0182748538012
0.0375
0.18739010989
0.0386904761905
0
0.25
0.315104166667
0
0.291666666667
0.015
0.2
0.230769230769
0
0.27394434228
0.0386904761905
0
0.275673400673
0.106875
0.409375
0.167410714286
0.277777777778
0.0957142857143
0.038458994709
0
0.242932067932
0.112268518519
0
0
0.266666666667
0.142518939394
0
0.0229166666667
0
0
0.266666666667
0
0.162585034014
0.208333333333
0.0616071428571
0.0145502645503
0
0.328125
0.5
0.194480519481
0.0305555555556
0
0
0
0.0533333333333
0.142857142857
0.416666666667
0.0541666666667
0.310185185185
0
0.0729166666667
0.084375
0.396428571429
0.25
0.0304924242424
0
0.416666666667
0.0229166666667
0.340625
0.225
0.252651515152
0.160062160062
0.35
0.729166666667
0.185267857143
0
0.0505952380952
0.159343434343
0.291666666667
0
0.217708333333
0
0
0.2
0.255787037037
0.36
0.212808302808
0.06
0
0.55
0
0.327922077922
0.116883116883
0
0.0783333333333
0
0
0.127100503663
0.109090909091
0.0416666666667
0.157792207792
0.0547619047619
0.0416666666667
0.1125
0.104166666667
0.259440559441
0.5
0.0229166666667
0.0261904761905
0.285714285714
0.192857142857
0
0.321428571429
0
0.0607638888889
0.19375
0
0
0.3625
0.325
0.229166666667
0
0
0
0.196428571429
0.183041958042
0.304706477733
0.291666666667
0
0.205902777778
0.263392857143
0.0414814814815
0.252956021251
0.220833333333
0.0122222222222
0
0
0.327380952381
0
0
0.133928571429
0.372544122544
0
0
0
0.0771875
0.166197548043
0.208333333333
0.0892195767196
0.239682539683
0.142857142857
0.196428571429
0.138888888889
0
0
0
0.271871693122
0.0283858998145
0
0
0.0291666666667
0.155555555556
0.145833333333
0.1375
0.46875
0.131666666667
0.175
0.0386904761905
0.0454545454545
0.142857142857
0.165343915344
0.286728395062
0
0.398787878788
0.0295138888889
0.45
0.229166666667
0
0.168181818182
0
0.281818181818
0
0.117948717949
0
0.256074134199
0.180094537815
0
0.152236652237
0
0.178571428571
0.188988095238
0.145833333333
0.334798534799
0.266666666667
0
0.05
0.420138888889
0.0180555555556
0.142857142857
0.108585858586
0.126984126984
0.129166666667
0.0857514880952
0.15
0
0.0778571428571
0.2475
0
0
0
0
0.20625
0.075
0.2125
0.273214285714
0.250673076923
0
0.225
0.402777777778
0.16571969697
0.267857142857
0.102083333333
0.465277777778
0
0.267857142857
0.132854278075
0
0.0583333333333
0.25
0.366666666667
0.191287878788
0.231904761905
0.05625
0
0.0416666666667
0.05
0
0
0
0.283333333333
0
0
0.361111111111
0.183333333333
0.112626262626
0.154761904762
0.25
0
0
0.466666666667
0
0
0.0364583333333
0.03125
0.208333333333
0.217857142857
0.102348137973
0.0641666666667
0.0366666666667
0
0.0444444444444
0.310700757576
0.0171428571429
0.183754208754
0
0.120833333333
0
0.133805083805
0.333333333333
0.132717282717
0.126666666667
0
0.258801020408
0
0.154761904762
0
0.374431818182
0.171428571429
0.0884615384615
0.433333333333
0.193636363636
0.0416666666667
0.134693877551
0
0.104166666667
0.208333333333
0
0.181626984127
0.102083333333
0.0825
0.0833333333333
0
0.0171428571429
0
0.095
0.0328282828283
0.075
0.0601960784314
0
0.193846153846
0
0.093537414966
0.130555555556
0.128968253968
0.0386904761905
0.196428571429
0
0.416666666667
0
0.0114583333333
0
0.277777777778
0.0160714285714
0
0.0395691609977
0.0416666666667
0.133214285714
0.209090909091
0.36
0.167658730159
0.152529761905
0.293333333333
0
0
0.177142857143
0.0871212121212
0.144871794872
0.204166666667
0.0679166666667
0
0.0827777777778
0.227272727273
0.0686188811189
0.0454326923077
0.0486111111111
0.183333333333
0
0.00976800976801
0
0.166666666667
0
0
0
0.0902991452991
0
0.2
0
0
0.118055555556
0.138888888889
0.104166666667
0.17297979798
0.420138888889
0.0362811791383
0.35
0.212222222222
0
0.0636217948718
0.122807017544
0.0875
0.256875
0.0138888888889
0.227115384615
0
0.270535714286
0
0.0673469387755
0.165625
0.0327380952381
0
0.1625
0.151875
0.75
0.370833333333
0.0151515151515
0.333333333333
0.305227272727
0.258333333333
0
0.35
0
0.0833333333333
0
0.357082732083
0.165816326531
0.163696625344
0.0166666666667
0.0861111111111
0.0257936507937
0
0.533854166667
0
0.0916666666667
0.0541033041033
0.0645604395604
0.162844967532
0.213924963925
0.156926406926
0.392361111111
0.333333333333
0.211363636364
0
0.0607364766082
0.0154761904762
0.016369047619
0
0.150277777778
0.102083333333
0
0.0821759259259
0.208333333333
0.558012820513
0.040625
0
0.301653901654
0.331912878788
0.0583333333333
0.271428571429
0.17534566573
0.0952380952381
0.131944444444
0.366666666667
0.333333333333
0
0.104166666667
0.123086734694
0.1875
0
0
0
0.0485714285714
0
0.179861111111
0
0.0416666666667
0.0960851648352
0.133403361345
0.0535714285714
0.05625
0
0
0.152569444444
0
0.0949519230769
0.309523809524
0
0
0.3325
0.42137973138
0.225
0.0595238095238
0.299786324786
0.208333333333
0.0979166666667
0
0.0833333333333
0
0.172193877551
0.25
0.0260416666667
0.0234375
0.214285714286
0.0708333333333
0.138775510204
0.09375
0.166666666667
0.228571428571
0
0
0.0546485260771
0.0428571428571
0.0704634581105
0.114166666667
0.0222222222222
0.104166666667
0.107352941176
0.0592592592593
0.1875
0.244791666667
0
0.143333333333
0
0.280446428571
0.520833333333
0.253571428571
0.273713323713
0.0724206349206
0
0.0666666666667
0.05625
0
0
0
0
0
0.0257936507937
0.244791666667
0
0.07875
0.225
0
0.416666666667
0
0.625
0.0236111111111
0
0.103583916084
0
0
0.333333333333
0.0681818181818
0.314814814815
0.0916666666667
0
0.225
0.0223214285714
0.235208333333
0
0.0834935897436
0
0.453125
0.138095238095
0.375
0.154761904762
0.392948717949
0
0.291666666667
0.102083333333
0
0.220117845118
0.0777777777778
0.0864814814815
0
0.396885521886
0.125
0.0535714285714
0
0.0833333333333
0.2
0.0380952380952
0.247767857143
0
0.3
0.147569444444
0
0.148148148148
0.167410714286
0.1725
0
0.146362433862
0.118055555556
0.225
0.230654761905
0.0729166666667
0.134325396825
0
0
0.0625
0
0
0
0.19368622449
0
0.202678571429
0.330555555556
0.136477272727
0.507936507937
0.0508928571429
0.352435064935
0.187384960718
0
0.406655844156
0.333333333333
0.416666666667
0
0
0.275
0.2
0
0.611111111111
0.291666666667
0.194444444444
0.13125
0.577380952381
0
0
0.342857142857
0.459166666667
0.266666666667
0.240824915825
0.45
0.0736111111111
0
0
0.101785714286
0.319150641026
0.0275213675214
0.465782828283
0.333333333333
0
0.333333333333
0.208333333333
0.0596153846154
0.225
0.111111111111
0.2125
0.236111111111
0.251984126984
0.15
0.181904761905
0.565972222222
0
0
0.05
0
0
0.01
0.232738095238
0.416666666667
0.0700757575758
0.173333333333
0.146374458874
0.0602272727273
0.0947916666667
0.375
0.384375
0.173155162738
0.150669642857
0.154761904762
0
0.225
0.2
0
0.152777777778
0.2875
0.00899100899101
0.0510416666667
0.216346153846
0.0222222222222
0.0236111111111
0
0.0243506493506
0
0.081994047619
0
0.319097222222
0.3975
0.5
0.0436507936508
0.118648018648
0.206632653061
0.0941666666667
0.246296296296
0.200892857143
0.166666666667
0.171428571429
0.244791666667
0.193452380952
0.375
0
0
0
0.171428571429
0.114585414585
0
0.278571428571
0
0.0304924242424
0.325
0.0690724206349
0
0.190873015873
0
0.641666666667
0
0.0238095238095
0.266666666667
0.0458333333333
0
0.425297619048
0.145833333333
0
0
0.28125
0
0.326388888889
0.00839160839161
0.0285714285714
0.193452380952
0
0.390625
0.416666666667
0.2625
0
0.154761904762
0.285714285714
0
0.0578703703704
0.291666666667
0.0776923076923
0.1875
0.333333333333
0
0
0.266666666667
0.0599415204678
0
0
0.0672938172938
0
0.0204545454545
0.281746031746
0.133304195804
0.113598484848
0.168425925926
0
0.021875
0.0902777777778
0.0408163265306
0.237037037037
0.015
0
0.05625
0
0.015873015873
0.344444444444
0
0.329861111111
0
0
0.527982954545
0.25119047619
0.375
0.183333333333
0.593333333333
0.23244047619
0
0
0
0.25
0
0.0508207070707
0
0.0462962962963
0.214438339438
0.0941666666667
0.180952380952
0.0419146825397
0.155555555556
0.27380952381
0.00959595959596
0.111111111111
0
0
0.22619047619
0.2
0.203703703704
0.0752525252525
0
0.0238095238095
0.0572916666667
0.477314814815
0
0.0916666666667
0.166666666667
0.2
0
0.291666666667
0.0458333333333
0
0
0.337083333333
0.0379166666667
0.316666666667
0.323593073593
0.239285714286
0.0954545454545
0
0.161038961039
0.135227272727
0.0952380952381
0.423076923077
0.35
0.491666666667
0.346590909091
0.226666666667
0.047619047619
0.36369047619
0
0.25
0.25
0
0.19246031746
0.16530715812
0.040625
0
0.311111111111
0.3125
0.255357142857
0
0.102083333333
0.184305555556
0.291666666667
0.149831649832
0
0.0486111111111
0
0.25
0.223611111111
0.178174603175
0
0.266666666667
0
0.294444444444
0
0.28125
0.276666666667
0
0.0666666666667
0.35
0.025641025641
0.416666666667
0.0821428571429
0.0583333333333
0
0.385519480519
0.533333333333
0.126984126984
0.25
0.208333333333
0.184259259259
0.346527777778
0.2
0.321296296296
0.156643356643
0.125
0.056875
0.164965986395
0.364583333333
0.313376365039
0.16724537037
0.244791666667
0.065625
0.133928571429
0.291666666667
0.056875
0.27443452381
0
0.25
0.185416666667
0.100347222222
0.15625
0.214285714286
0
0.0319444444444
0.551047008547
0.399836601307
0.388888888889
0.139024864025
0
0.0494047619048
0.201456063907
0.0602678571429
0.0833333333333
0
0.288132440476
0.0408163265306
0.0810185185185
0.4
0.0671006944444
0.35
0.372077922078
0.445089285714
0.310185185185
0.0166666666667
0
0
0.12380952381
0
0.260515873016
0.177698412698
0.406655844156
0.0466517857143
0.076359537898
0.0208333333333
0
0.014738292011
0.189023526077
0
0.25
0.3
0.30625
0
0.311111111111
0.196428571429
0
0.167410714286
0
0.0347222222222
0.235231481481
0.155555555556
0.03125
0
0.241181318681
0.116666666667
0.2
0
0.0907738095238
0.0444444444444
0.075
0.118371212121
0.0342857142857
0.0351851851852
0
0.0535714285714
0.190972222222
0.12037037037
0.0392857142857
0
0
0.311111111111
0.0694444444444
0.15625
0.0776785714286
0
0.1
0.15625
0
0.1
0
0.182291666667
0.240972222222
0.117857142857
0.225
0
0.221726190476
0
0.75
0.0688244047619
0
0
0.315826330532
0.217534722222
0.199375
0
0
0.45
0.0803571428571
0.526388888889
0.368333333333
0.07875
0.0583333333333
0
0.329166666667
0
0
0.644642857143
0.145833333333
0.416666666667
0.0321428571429
0
0
0.340277777778
0.104166666667
0.0625
0.0462962962963
0
0.0110544217687
0.340277777778
0
0.153269230769
0.0347222222222
0
0.300925925926
0.494949494949
0.245189149441
0
0.208333333333
0
0.193452380952
0.162033601319
0
0.0694444444444
0.0729166666667
0.202976190476
0.4
0.266666666667
0.198717948718
0.225694444444
0
0.0170454545455
0.248281926407
0
0.15
0.183333333333
0.131172839506
0.195171957672
0
0.0217803030303
0.150669642857
0.183333333333
0.285714285714
0.178571428571
0.174206349206
0.0881818181818
0.2525
0
0.291666666667
0.105555555556
0.0677083333333
0.291666666667
0.0462962962963
0.0708333333333
0.257638888889
0
0.657738095238
0.239583333333
0.18962585034
0
0.152423469388
0
0.036541005291
0.285714285714
0
0.0875
0
0
0
0.257330827068
0.108888888889
0
0
0.138888888889
0.046875
0.0747829348682
0.0558035714286
0.0777777777778
0.338472222222
0.293745143745
0.389944727891
0.0875
0.321428571429
0.356404958678
0.319444444444
0
0
0.07875
0.232792207792
0.333333333333
0.0327380952381
0.138095238095
0
0.4725
0.031746031746
0.141086691087
0.155257936508
0.260416666667
0.216346153846
0.2
0
0.0261904761905
0.225
0.45
0
0.132180650038
0.0690235690236
0.838141025641
0
0
0.28125
0.0131944444444
0.0688657407407
0.114351851852
0.0309523809524
0.0577777777778
0
0.0781339031339
0
0.293831168831
0.20625
0.625
0
0.22
0.09375
0.147569444444
0.145833333333
0.261363636364
0
0.152116402116
0
0.0729166666667
0.0238095238095
0.678819444444
0.108333333333
0.208333333333
0.041514041514
0.034375
0.111111111111
0.0359848484848
0
0
0.25
0.157407407407
0.285482804233
0.0231481481481
0.166666666667
0.0428571428571
0
0.25
0
0.320833333333
0.225
0.198611111111
0.0357954545455
0
0.162202380952
0
0.0386904761905
0.416666666667
0
0
0.272486772487
0.196666666667
0.3
0
0.0277777777778
0.120388540031
0.240656565657
0
0.183333333333
0
0.057037037037
0.0688244047619
0
0.256875
0.0458333333333
0.2
0.0178571428571
0.183333333333
0.09375
0.309523809524
0.152777777778
0.333333333333
0.416666666667
0.481101190476
0.2625
0
0.463541666667
0
0.0375
0.159375
0.134166666667
0
0
0.269246031746
0.27619047619
0.214285714286
0
0
0.045
0.157913752914
0.0597576530612
0.296296296296
0.323863636364
0.158333333333
0.558012820513
0.183333333333
0.18125
0.0229166666667
0
0
0.160892857143
0.116666666667
0.0892857142857
0.246851851852
0.125
0.45
0
0.300505050505
0.0677083333333
0
0.171428571429
0.342013888889
0
0.167410714286
0.397222222222
0.183333333333
0
0.342857142857
0.187152777778
0.0961109106942
0
0.135
0.0434854497354
0.144444444444
0.275416666667
0
0.333333333333
0.257142857143
0.176666666667
0.0459615384615
0.220833333333
0.223165869219
0
0.0512731481481
0.092803030303
0.441573295985
0.208333333333
0.0454545454545
0.174460955711
0
0.29
0
0.2125
0
0.291666666667
0
0
0.124284941249
0.0625
0.140625
0.197751322751
0.224107142857
0.0767045454545
0.22619047619
0.0520833333333
0.123400673401
0.159090909091
0.178571428571
0.255355235043
0.140625
0
0.138888888889
0.0833333333333
0
0.838141025641
0.142857142857
0
0.337329931973
0.125
0.431547619048
0.146929824561
0
0.282291666667
0.575
0.183928571429
0
0.0625
0.29375
0.170454545455
0.320578231293
0.439576719577
0.158333333333
0.266666666667
0.777777777778
0.183333333333
0.166666666667
0.333333333333
0.291666666667
0.322802197802
0.1734375
0.578205128205
0.195580808081
0.5
0.235187728938
0.301805555556
0.1203125
0
0.145833333333
0
0
0.183333333333
0
0
0.0430998168498
0.0666666666667
0.103868371212
0.0619047619048
0.136607142857
0.252951388889
0.0196759259259
0
0.439674523008
0
0.419047619048
0
0.0611111111111
0
0
0.379497354497
0.178571428571
0.145707070707
0.291666666667
0.0491071428571
0
0.05625
0.223611111111
0
0.50462962963
0.327380952381
0.0636363636364
0
0
0.145833333333
0.171428571429
0.21259469697
0.391667869168
0.0654160654161
0.075
0.255531189084
0.157407407407
0.183333333333
0.1125
0.359807692308
0.05625
0.542999900319
0.375
0.148148148148
0.220833333333
0.293055555556
0.0902777777778
0
0.213888888889
0.533333333333
0
0
0.271464646465
0.208333333333
0.127272727273
0.416145833333
0.0253246753247
0
0.288392857143
0
0.179411764706
0.151875
0.157638888889
0
0.0329545454545
0.16875
0
0.0386904761905
0
0.120833333333
0
0.176923076923
0.133363395863
0
0
0.0347222222222
0
0.25
0.0743506493506
0.0505698005698
0.171904761905
0.0647727272727
0.35
0
0.271543040293
0
0
0.1875
0.0380952380952
0.0238095238095
0
0
0.398148148148
0.417698412698
0.225
0.171875
0.276666666667
0.205208333333
0.0357142857143
0.260416666667
0.216098484848
0.031746031746
0.265178571429
0.334798534799
0.520833333333
0.367550505051
0
0
0
0.174813579278
0.017094017094
0.0477272727273
0
0.0875
0.164743589744
0.162878787879
0.113839285714
0.15376984127
0.247218406593
0.147222222222
0
0.291666666667
0.3125
0.225
0.155555555556
0.128333333333
0.07875
0.0324074074074
0.184090909091
0.127857142857
0.240909090909
0.047619047619
0.136666666667
0
0
0.0416666666667
0.208705357143
0.197751322751
0.0369444444444
0
0
0.25
0.0334821428571
0.0610416666667
0.15
0
0.201776960784
0.2
0.264393939394
0.13125
0
0.202976190476
0.185185185185
0.16724537037
0.270833333333
0.180555555556
0.206349206349
0
0.828571428571
0.1
0
0.335858585859
0.322222222222
0.222222222222
0
0.0454545454545
0.14338497151
0.25
0.025
0.25
0.0529742324561
0.3
0.0152777777778
0.25
0
0
0.05
0.09125
0
0.142857142857
0.200549450549
0.102083333333
0
0.168518518519
0
0.0285714285714
0.0833333333333
0.216836734694
0.025
0
0.0729166666667
0.043093270366
0.1875
0
0.105048076923
0.375
0
0.15
0.208333333333
0.342857142857
0.0515873015873
0.0347222222222
0
0.0875
0.108333333333
0.218208180708
0.3125
0.142857142857
0.10989010989
0.136805555556
0.102083333333
0
0.122446920364
0.0727272727273
0.286742424242
0
0.0666666666667
0.436507936508
0.333333333333
0.145833333333
0.335714285714
0.0171428571429
0
0
0.138888888889
0.226397058824
0.040625
0
0.10375
0
0
0.122564935065
0.1875
0.309325396825
0.0458333333333
0.222857142857
0.25
0.171296296296
0.0868055555556
0
0.208333333333
0.0821428571429
0.0595238095238
0
0.121428571429
0.140625
0.0666666666667
0.07
0.299786324786
0
0.25
0
0.0138888888889
0
0.185714285714
0
0.1875
0
0.0562962962963
0
0.261989795918
0.0364583333333
0.375
0.214285714286
0.229166666667
0
0
0
0.25
0
0.41
0
0
0.262689393939
0.10375
0.468909685086
0.0433333333333
0.152735042735
0
0.40625
0.0707070707071
0.133928571429
0.133333333333
0.324583333333
0
0.28125
0.0724025974026
0.0361224489796
0.0375
0
0.513014069264
0.183333333333
0.3375
0.28125
0.3
0.131628787879
0.16875
0.104166666667
0.102083333333
0.0337962962963
0.114285714286
0.0541666666667
0
0.160714285714
0.16875
0.204166666667
0.0752525252525
0.330357142857
0.240079365079
0.171428571429
0.0909090909091
0.1875
0.0444444444444
0.214285714286
0.03125
0
0.28125
0.05
0.164545454545
0.196875
0.401923076923
0.2
0.356944444444
0.4375
0.666666666667
0
0.214438339438
0.245535714286
0.133333333333
0.0580808080808
0.248888888889
0.0133333333333
0
0
0.0729166666667
0.349350649351
0.0225
0
0.329166666667
0.05625
0.275816095669
0
0.496877160744
0.366666666667
0.285714285714
0.0952380952381
0.325
0.2475
0.0849415204678
0.291666666667
0.188525132275
0.106363636364
0.368181818182
0
0
0
0
0
0.040625
0
0.318735827664
0
0.196428571429
0.105555555556
0
0
0.225
0.25
0.180555555556
0.038961038961
0
0.100961538462
0.214285714286
0.2475
0
0.0267857142857
0.1925
0.205714285714
0.225
0
0.0645604395604
0
0.3375
0.150252525253
0
0.375
0.1875
0
0
0.116666666667
0.20375
0.75
0.274296536797
0.345238095238
0
0
0
0
0.0252525252525
0.09375
0.183333333333
0.171428571429
0
0.487755102041
0
0
0.1875
0.231520562771
0.222527472527
0
