0.788095238095
0.309523809524
0.765625
1.0
0.142496392496
0.25
0.352083333333
0.422222222222
0.611111111111
0.857142857143
0.254285714286
0.571428571429
0.696428571429
0.2
0.599023199023
0.647619047619
0.55
0.77380952381
0.636805555556
0.833333333333
0.639880952381
0.35
0.875
0.565656565657
0.291666666667
0.857142857143
0.225
0.619047619048
0.666666666667
0.619047619048
0.714285714286
0.428571428571
0.172773109244
0.697222222222
0.875
0.416666666667
0.395833333333
0.675
0.77380952381
0.803571428571
0.928571428571
0.482142857143
0.8
0.790598290598
0.928571428571
0.28125
0.761904761905
0.2
0.484693877551
0.875
0.550595238095
0.539682539683
0.616203703704
1.0
0.666666666667
0.5
0.660714285714
0.583333333333
0.195064935065
0.857142857143
0.215340909091
0.327182539683
0.619047619048
0.392857142857
0.733333333333
1.0
0.642857142857
0.740277777778
0.366666666667
0.744886363636
0.4375
0.77380952381
0.154761904762
0.491666666667
0.785714285714
0.190972222222
0.875
0.833333333333
0.514285714286
0.731904761905
0.630303030303
0.569196428571
0.415238095238
0.595238095238
0.714285714286
0.416666666667
0.64394459707
0.685714285714
0.875
0.236111111111
1.0
0.669642857143
0.879545454545
0.282142857143
0.833333333333
0.45
0.183333333333
0.857142857143
0.367857142857
0.697916666667
0.52810515873
0.389583333333
0.336805555556
0.952380952381
0.647619047619
0.3875
0.209722222222
0.675
0.528571428571
0.857142857143
0.548384353741
0.55
1.0
0.283333333333
0.619047619048
0.446428571429
0.593436920223
0.588095238095
0.619047619048
0.928571428571
0.726388888889
0.833333333333
0.295833333333
0.563888888889
0.514285714286
0.580357142857
0.404411764706
0.766666666667
0.607142857143
0.743014705882
0.188010204082
0.0166666666667
0.75
0.401785714286
0.399801587302
0.863636363636
0.803571428571
0.100595238095
0.681818181818
0.464285714286
0.25
0.907142857143
0.339379084967
0
0.4
0.5
0.8
0.9
0.588095238095
0.8
0.8125
0.733333333333
0.889285714286
0.183333333333
0.183333333333
0.558333333333
0.291666666667
1.0
0.75
0.857142857143
0.801785714286
0.8625
0.3734375
0.619047619048
0.266666666667
0.702380952381
0.464285714286
0.72619047619
0.277777777778
1.0
1.0
0.6
0.806666666667
0.833333333333
0.31479978355
0.675
0.745714285714
0.829772079772
0.231902356902
0.328869047619
0.261111111111
0.382653061224
0.632478632479
0.703125
0.72
0.342857142857
0.865079365079
0.266666666667
0.757575757576
0.875
0.77380952381
0.647186147186
0.761904761905
0.517045454545
0.8
0.857142857143
0.142857142857
0.666666666667
0.907142857143
0.657142857143
0.0833333333333
0.916666666667
0.690476190476
0.607142857143
0.524791666667
0.577777777778
0.589285714286
0.619047619048
0.675
0.436837121212
0.387037037037
0.6
0.535714285714
0.6
0.185515873016
0.558531746032
0.619047619048
0.611111111111
0.888888888889
0.371428571429
0.395833333333
0.916666666667
0.666666666667
0.625
0.866071428571
0.696428571429
0.192857142857
0.214285714286
0.0171957671958
0.329691876751
0.485714285714
0.533333333333
0.916666666667
0.641666666667
0.762152777778
0.6
0.578571428571
0.644047619048
0.642857142857
0.5625
0.564718614719
0.35119047619
0.733333333333
0.196428571429
0.880952380952
0.809523809524
0.332820512821
0.75
0.812032085561
0.593452380952
0.6
0.510119047619
0.6875
0.857142857143
0.45
0.4
0.733333333333
0.815277777778
0.491666666667
0.854166666667
0.857142857143
0.473611111111
0.928571428571
0.875
0.525
0.415384615385
0.875
0.163265306122
0.8
0.707142857143
0.645833333333
0.772727272727
0.266666666667
0.176610644258
0.6
0.742424242424
0.688775510204
0.520833333333
1.0
0.595238095238
0.875
0.714285714286
0.795454545455
0.888888888889
0.722222222222
0.466666666667
0.76
0
0.8125
0.495238095238
0.75
0.666666666667
0.875
0.554166666667
0.421626984127
0.65
0.75
0.508333333333
0.634285714286
0.861111111111
0.583333333333
0.714285714286
0.373737373737
0.494949494949
0.512896825397
0.571428571429
0.529166666667
0.690476190476
0.4125
0.541666666667
0.00964912280702
0
0.4
0.471428571429
0.535714285714
0.484375
0.833333333333
0.555555555556
0.366666666667
1.0
0.616666666667
0.77380952381
0.857142857143
0.685714285714
0.9453125
0.9375
0.611111111111
0.77380952381
0.5
0.916666666667
0.729166666667
0.44
0.818181818182
0.55
0.833333333333
0.524489795918
0.366666666667
0.833333333333
0.278571428571
0.55
0.789285714286
0.5
0.537138188609
0.69
0.669642857143
0.660714285714
0.666666666667
0.715
0.85
0.571428571429
0.733333333333
0.685714285714
0.45
0.803571428571
0.583333333333
0.21875
0.767857142857
0.447222222222
0.6
0.296045100733
0.803571428571
0.916666666667
0.622222222222
0.739285714286
0.225793650794
0.401785714286
0.777777777778
0.675595238095
0.146666666667
0.514285714286
0.619047619048
0.464285714286
0.729166666667
0.479487179487
0.2
0.535822510823
0.469047619048
0.465625
0.675
0.753968253968
0.675
0.0740740740741
0.714285714286
0.374242424242
0.0333333333333
0.6875
0.214285714286
0.928571428571
0.6
0.6
0.291666666667
0.729166666667
0.222222222222
0.575
0.911823361823
0.471428571429
0.392857142857
0
0.538888888889
0.698412698413
0.59375
0.853571428571
0.375
0.675
0.880102040816
0.242261904762
0.16
0.488541666667
0.708333333333
0.4875
0.392857142857
0.690476190476
0.564285714286
0.366666666667
0.778911564626
0.75
0.745238095238
0.658333333333
0.6
0.511111111111
0.696428571429
0.857142857143
0.669642857143
0.319727891156
0.546992481203
0.225
0.733333333333
0.403333333333
0.6
0.665625
0.191220238095
0.696666666667
0.333333333333
0.5
0.426666666667
0.928571428571
0.919877819549
0.591013071895
0.9
0.757653061224
0.171428571429
0.515625
0.59962406015
0.6
0.916666666667
0.0883333333333
0.5
0
0.803571428571
0.785714285714
0.8125
0.5
0.535714285714
0.435238095238
0.714285714286
0.384429824561
0.5
0.626785714286
0.623376623377
0.533333333333
0.5625
0.719444444444
0.720138888889
0.847222222222
0.678571428571
0.75
0.66
0.416666666667
0.8
0.928571428571
0.630753968254
0.583333333333
0.396153846154
0.685714285714
0.64
0.875
0.583333333333
0.666666666667
0.6625
0.675
0.208333333333
0.77380952381
0.380952380952
0.840909090909
0.514285714286
0.466666666667
0.666666666667
0.342857142857
0.68005952381
0.8
0.733333333333
0.65
0.133333333333
0.675
0.475
0.4
0.866666666667
0.690476190476
0.833333333333
0.309523809524
0.733333333333
0.857142857143
0.366666666667
0.570075757576
0.594841269841
0.623333333333
0.357142857143
0.7975
0.875
0.813492063492
0.65
0.733333333333
0.491666666667
0.675
0.222222222222
0.377747252747
0.357142857143
0.675
0.730158730159
0.954545454545
0.464285714286
0.8
0.8
0.738636363636
0.183333333333
0.155801209373
0.196428571429
0.55
0.23529856387
0.685714285714
0
0.806666666667
0.145454545455
0.733333333333
0.716517857143
0.857142857143
0.470454545455
0.712962962963
0.693154761905
0.469696969697
0.675
0.619047619048
0.45
0.342857142857
0.741666666667
0.75
0.420918367347
0.684523809524
0.679846938776
0.560119047619
0.77380952381
0.5
0.413333333333
0.198979591837
0.728571428571
0.75
0.514285714286
0.822222222222
0.584821428571
0.888888888889
0.558888888889
0.45
0.733333333333
0.693027210884
0.184722222222
0.0138888888889
0.554385964912
0.666666666667
0.320578231293
0.514285714286
0.75
0.8
0.364285714286
0.535714285714
0.971428571429
0.751666666667
0.6
0.77380952381
0.287414965986
0.857142857143
0.180555555556
0.600148809524
0.214285714286
0.610902255639
1.0
0.8
0.55
0.14693877551
0.558441558442
0.166666666667
0.685185185185
0.614182692308
0.515873015873
0.448571428571
0.5
0.562222222222
0.225
0.625
0.145833333333
0.55
0.490079365079
0.75
0.638528138528
0.55
0.55
0.670833333333
0.75
0.535714285714
0.733333333333
0.845714285714
0.607142857143
0.464285714286
0.571428571429
0.520833333333
0.888888888889
0.733333333333
0.571428571429
0.532123960695
0.611111111111
0.924074074074
0.781746031746
0.181547619048
0.775793650794
0.748015873016
0.784615384615
0.389583333333
0.664351851852
0.452380952381
0.433333333333
0.795074696545
0.486458333333
0.798611111111
0.714285714286
0.383680555556
0.404265873016
0.751388888889
0.266666666667
0.407142857143
0.194285714286
0.916666666667
0.173611111111
0.8
0.345982142857
0.729166666667
0.208333333333
0.729166666667
0.4
0.246428571429
0.1
0.625
0.885714285714
0.583333333333
0.514285714286
0.84126984127
0.875
0.667575757576
0.482142857143
0.391111111111
0.685714285714
0.555555555556
0.377083333333
0.761904761905
0.125
0.619047619048
0.7
0.75
0.625
0.685714285714
0.674679487179
0.625
0.548571428571
0.845238095238
0.664772727273
0.875
0.542207792208
0
0.309523809524
0.34962962963
0.6
0.619047619048
0.8203125
0.797727272727
0.171428571429
0.184065934066
0.75
0.85
0.464285714286
0.471428571429
0.666666666667
0.5
0.571428571429
0.718487394958
0.193452380952
0.65
0.24537037037
0.857142857143
0.464285714286
0.857142857143
0.619047619048
0.526455026455
0.761904761905
0.733333333333
0.614166666667
0.754285714286
0.514285714286
0.77380952381
0.799652777778
0.677083333333
0.65
0.266666666667
0.916666666667
0.396111111111
0.50303030303
0.627976190476
0.0221088435374
0.214285714286
0.6125
0.688161375661
0.9
0.636363636364
0.8125
0.619047619048
0.516666666667
0.879545454545
0.333333333333
0.0641666666667
0.833333333333
0.7
0.64806547619
0.761904761905
0.417857142857
0.830882352941
0.428571428571
0.626984126984
0.464285714286
0.685714285714
0.803571428571
0.733333333333
0.8
0.488888888889
0.333333333333
0.619047619048
0.514285714286
0.669642857143
0.675
0.731944444444
0.6
0.244444444444
0.708333333333
0.604978354978
0.77380952381
0.55
0.464285714286
0.733333333333
0.604166666667
0.833333333333
0.77380952381
0.480208333333
0.619047619048
0.916666666667
0.916666666667
0.88125
0.916666666667
0.433333333333
0.697222222222
0.814814814815
0.619047619048
0.916666666667
0.925925925926
0.795918367347
0.530952380952
0.45
0.694444444444
0.167410714286
0.375
0.866666666667
0.857142857143
0.803571428571
0.666666666667
0.833333333333
0.331428571429
0.333333333333
0.6875
0.523214285714
0.73125
0.675
0.875
0.500850340136
0.291666666667
0.416666666667
0.705714285714
0.835
0.679166666667
0.6015625
0.666666666667
0.464285714286
0.614285714286
0.8125
0.464285714286
0.784013605442
0.725
0.442857142857
0.25
0.542857142857
0.444444444444
0.183333333333
1.0
0.2475
0.453571428571
0.35
0.624489795918
0.171428571429
0.499007936508
1.0
0.571428571429
0.707142857143
0.5
0.571428571429
0.253968253968
0.675
0.375
0.809065934066
0.631944444444
0.708333333333
0.354271978022
0.738888888889
0.625
0.699494949495
0.453571428571
0.619047619048
0.435600907029
0.261602564103
0.380952380952
0.833333333333
0.816666666667
0.309523809524
0.708333333333
0.473958333333
0.515079365079
0.833333333333
0.366666666667
0.6
0.466435185185
0.675
0.400277777778
0.685714285714
0.75
0.673214285714
0.617045454545
0.328333333333
0.6
0.282222222222
0.733333333333
0.65
0.916666666667
0.464285714286
0.757777777778
0.514285714286
0.514285714286
0.342857142857
0.879807692308
0.6
0.317857142857
0.854166666667
0.666666666667
0.837053571429
0.5
0.804166666667
0.542857142857
0.0729166666667
0.632936507937
0.502976190476
0.185408341658
0.833333333333
0.888888888889
0.669642857143
0.910714285714
0.677083333333
0.366666666667
0.8
0.309523809524
0.464285714286
0.761904761905
0
0.240395021645
0.6
0.894841269841
0.618326118326
0.627465986395
1.0
0.780952380952
0.826388888889
0.290277777778
0.55
0.485714285714
0.665079365079
0.649431818182
0.685714285714
0.833333333333
0.225
0.45
0.0375
0.664579468151
0.666666666667
0.436666666667
0.6
1.0
0.728571428571
0.607638888889
0.178571428571
0.430833333333
0.892857142857
0.639880952381
0.436111111111
0.619047619048
0.619047619048
0.435267857143
0.0386904761905
0.614583333333
0.625
0.318367346939
0.571428571429
0.619047619048
0.256043956044
0.861111111111
0
0.7
0.156084656085
0.77380952381
0.84375
0.55
0.325
0.733333333333
0.806349206349
0.75
0.675
0.251984126984
0.642857142857
0.793650793651
0.571428571429
0.206303418803
0.298412698413
0.56
0.514285714286
0.762373737374
0.34089191232
0.439814814815
0.267857142857
0.381875
0.366666666667
0.396616541353
0.763888888889
0.690476190476
0.609090909091
0.888888888889
0.0444444444444
0.642857142857
0.514285714286
0.0828703703704
0.77380952381
0.666666666667
0.2
0.695833333333
0.05
0.716883116883
0.733333333333
0.555413105413
0.405089285714
0.894444444444
1.0
0.366666666667
0.55
0.847470238095
0.833333333333
0.616666666667
0.732638888889
0.474702380952
0.857142857143
0.0785714285714
0.695833333333
0.566666666667
0.657738095238
0.8
0.708333333333
0.20625
0.647186147186
0.761111111111
0.75
0.840909090909
0.509090909091
0.475378787879
0.6
0.181818181818
0.485714285714
0.6
0.211111111111
0.342857142857
1.0
0.916666666667
0.638392857143
0.742857142857
0.666666666667
0.675
0.726851851852
0.85
0.62962962963
0.9375
0.45
0.857142857143
0.758928571429
0.625
0.539502164502
0.6
0.489732142857
0.566666666667
0.77380952381
0.691666666667
1.0
0.584659090909
0.6
0.604166666667
0.720833333333
1.0
0
0.619047619048
0.875
0.521825396825
0.317045454545
0.558333333333
0.826388888889
0.840277777778
0.785416666667
0.450148809524
0.733333333333
0.77380952381
0.0666666666667
0.284147869674
0.604166666667
0.416666666667
0.714285714286
0.8
0.598214285714
0.571428571429
0.4875
0.581818181818
0
0.514285714286
0.515873015873
0.632653061224
0.0221088435374
0.619047619048
0.422023809524
0.294642857143
0.66369047619
0.657738095238
0.5
0.583333333333
0.199122807018
0.309523809524
0.225
0.446428571429
0.661607142857
0.0116071428571
0.539772727273
0.4
0.640476190476
0.833333333333
0.729166666667
0.319444444444
0.628720238095
0.485714285714
0.733333333333
0.685714285714
0.730303030303
0.875
0.888888888889
0.333333333333
0.75
0.342857142857
0.703125
0.666666666667
0.857142857143
0.534722222222
0.803571428571
0.733333333333
0.75
0.800925925926
0.642857142857
0.206349206349
0.75
0.199945887446
0.41746031746
0.609090909091
0.33126405758
0.571428571429
0.440476190476
0.785714285714
0.512235449735
0.634645061728
0.714285714286
0.833333333333
0.65
0.208333333333
0.476666666667
0.892857142857
0.857142857143
0.329017857143
0.464285714286
0.916666666667
0.803571428571
0.203333333333
0.8
0.71875
0.8
0.25
0.424917582418
0.5
0.366666666667
0.416666666667
0.516666666667
0.833333333333
0.57619047619
0.81994047619
0.677083333333
0.31875
0.8
0.183333333333
0.42
0.54
0.822857142857
0.488095238095
0.464880952381
0.5
0.333333333333
0.833333333333
0.636111111111
0.647186147186
0.464285714286
0.673611111111
0.733333333333
0.612152777778
0.9
0.513333333333
0.733333333333
0.641666666667
0.1640625
0.172222222222
0.353571428571
0.6
0.378869047619
1.0
0.301339285714
0.732142857143
0.857142857143
0.776082251082
0.148148148148
0.6
0.844155844156
0.6
0.440972222222
0.8
0.315972222222
0.921052631579
0.435267857143
0.55
0.833333333333
0.8125
0.262254901961
0.342857142857
0.77380952381
0.7
0
0.217229484386
0.520833333333
0.295634920635
0.575892857143
0.340740740741
0.541666666667
0.401785714286
0.644047619048
0.483950617284
0.473958333333
0.0257936507937
0.621428571429
0.402857142857
0.625
0.928571428571
1.0
0.675
0.814393939394
0.658333333333
0.6875
0.728571428571
0.75
0.669642857143
0.707908163265
0.657738095238
0.9099002849
0.5
0.7125
0.733333333333
0.625
0.236363636364
0.464285714286
0.70303030303
0.627705627706
0
0.464285714286
0.5
0.781111111111
0.81875
0
0.703571428571
0.571428571429
0.557142857143
0.614285714286
0.75
0.729166666667
0.45
0.530449216724
0.916666666667
0.844155844156
0.911823361823
0.9
0.75375
0.485099206349
0.6
0.806666666667
0.530555555556
0.8125
0.6328125
0.666666666667
0.675
0.256666666667
0.77380952381
1.0
0.466666666667
0.201666666667
0.23630952381
0.9
0.166666666667
0.434240362812
0.6015625
0.649305555556
0.833333333333
0.4625
0.666666666667
0.334722222222
0.875
0.828571428571
0.327380952381
0.412857142857
0.703571428571
0.55
0.183333333333
0.595238095238
0.597402597403
0.77380952381
0.857142857143
0.619047619048
0.847222222222
0.5
0.75
0.77380952381
0.6
0.55
0.658333333333
0.348611111111
0.757142857143
0.833333333333
0.643333333333
0.77380952381
0.583333333333
0.916666666667
0.825
0.491428571429
0.600732600733
0.55
0.509090909091
0.81746031746
0.53125
0.769696969697
0.875
0.5
0.423660714286
0.45
0.115656565657
0.645833333333
0.45
0.669642857143
0.741761363636
0.557142857143
0.8
0.502976190476
0.666666666667
0.5
1.0
0.2625
0
0.464285714286
0.428571428571
0.708333333333
0.142857142857
0.75
0.666666666667
0.857142857143
0.77380952381
0.154761904762
0.766666666667
0.416666666667
0.642857142857
0.9125
0.714285714286
0.614285714286
0.768398268398
0.857142857143
0.364880952381
0.729166666667
0.733333333333
0.375
0.436363636364
0.492424242424
0.35
0.55
0.580357142857
0.857142857143
0.5
0.634920634921
0.62925170068
0.222435897436
0.875
0.916666666667
0.669642857143
0.435164835165
0.55
0.765625
0.658482142857
0.748299319728
0.125
0.946428571429
0.277777777778
0.39417989418
0.235714285714
0.397619047619
0.625
0.582857142857
0.538775510204
0.76875
0.825
0.803571428571
0.763888888889
0.464285714286
0.581632653061
0.394727891156
0.8
0.5
0.916666666667
0.333333333333
0.523214285714
0.432692307692
0.952380952381
0.435606060606
0.77380952381
0.485714285714
1.0
0.292261904762
1.0
0.401785714286
0.583333333333
0.4875
0.5
0.153846153846
0.571428571429
0.619047619048
0.733333333333
0.890625
0.714285714286
0.666666666667
0.714285714286
0.48
1.0
0.366666666667
0.675
0.916666666667
0.402857142857
0.916666666667
0.708333333333
0.436764705882
0.82619047619
0.777777777778
0.43262987013
0.782738095238
0.5625
0.595833333333
0.6125
0.0692471590909
0.733333333333
0.795454545455
0.571428571429
0.590277777778
0.77380952381
0.675
0.8
0.431985294118
0.754329004329
0.768181818182
0.784188034188
0.643055555556
0.166666666667
0.775
0.45
0.758928571429
0.722077922078
0.494444444444
1.0
0.899553571429
0.167410714286
0.840625
0.653333333333
0.433333333333
0.8125
0.785714285714
0.673214285714
0.857142857143
0.531498015873
0.425865800866
0.572172619048
1.0
0.818181818182
0.666666666667
1.0
0.6875
0.669642857143
0.166666666667
0.402857142857
0.574444444444
0.2
0.182291666667
0.208333333333
0.523538961039
0.8125
0.608333333333
0.72
0.8
0.41369047619
0.666666666667
0.833333333333
0.416666666667
0.882142857143
0.430839002268
0.714285714286
0.386111111111
0.704081632653
0.77380952381
0.857142857143
0.571428571429
0.793650793651
0.4275
0.465584415584
0.733333333333
0.761904761905
0.348214285714
0.861111111111
0.866666666667
1.0
0.465833333333
0.707482993197
0.543771043771
0.758101851852
0.525
0.703463203463
0
0.145833333333
0.916666666667
0.8
0.639732142857
0.266666666667
0.928571428571
0.0347222222222
0.694444444444
0.857142857143
0.154761904762
1.0
0.256666666667
0.406880252101
0.35
0.77380952381
0.644047619048
0.55
0.397420634921
0.694444444444
0.714285714286
0.707142857143
0.785714285714
0.707142857143
0.416666666667
0.733333333333
0.9
0
0.348828420257
