0.392857142857
0.825
0.576257076257
0.678571428571
0.566666666667
0.60880952381
0.857142857143
0.230158730159
0
0.459259259259
0.5875
0.50462962963
0.75
0.772222222222
0.608134920635
0.781385281385
0.477777777778
1.0
0.680113636364
0.798611111111
0
0.79375
0.462310606061
0.75
0.5
0.911111111111
0.625
0.477777777778
0.833333333333
0.4375
0.0458333333333
0
0.645833333333
0.333333333333
0.4375
0.0671296296296
0.20625
0.562962962963
0.875
0.48287037037
0.928571428571
0.0520833333333
0.845238095238
0.834090909091
1.0
0.690158730159
0.75
0.720738636364
0.875
0.166666666667
0
0.761363636364
0.0261904761905
0.333333333333
0.20869047619
0.63125
0.475992063492
0.5
0.416666666667
0.77380952381
0.718181818182
0.714583333333
0.809090909091
0.3125
0.75
0.666666666667
0.25
0.448515769944
0.911111111111
0.867346938776
0.70625
0.80612244898
0.350806878307
0.708333333333
1.0
0.0648148148148
0.7125
0.648596938776
1.0
0.763636363636
0.286728395062
0.814285714286
0.686111111111
0.75
0.412053571429
0.727777777778
0.316666666667
0.809090909091
0.583333333333
1.0
0.284722222222
0.71164021164
0.414285714286
0.403240740741
0.5
0.205555555556
0.8
0.71875
0.886363636364
0.816666666667
0.828571428571
0.316287878788
0.441865079365
0
0.583333333333
0.535416666667
0.928571428571
0.592261904762
0.733333333333
0.344696969697
1.0
0.916666666667
0.499442476715
0.875
0.79375
0.27380952381
0.692748917749
0.343055555556
0.697222222222
0.857142857143
0.366287878788
0.857142857143
0.365625
0.621913580247
0.892857142857
0.5625
0.769047619048
0.611742424242
0.75
0.940476190476
0.25
0.916666666667
0.75
0.772727272727
0.6
0.608585858586
0.685416666667
0.733333333333
0.754797979798
0.763636363636
0.698051948052
0.321548821549
0.518672839506
0.45
0.522727272727
0.684090909091
0.388888888889
0.857323232323
0.0462962962963
1.0
0.674350649351
0.333333333333
0.674603174603
0.463888888889
0.410568181818
0.854166666667
0.781385281385
0.434523809524
0.752976190476
0.82380952381
0.35
0.75
0.935
0
0.564583333333
0.780208333333
0.77380952381
0.627272727273
0.205158730159
0.9
0.842261904762
0.725925925926
0.8675
0.291666666667
0.733333333333
0.85
0.380952380952
0.542857142857
0.866666666667
0.763636363636
0.733333333333
0.72619047619
0.464285714286
0.0965773809524
0.788425925926
0.434350649351
0.416666666667
0.875
0.833333333333
0.691053391053
0.657575757576
0.208333333333
0.727777777778
0.554166666667
0.416666666667
0.928571428571
0.733333333333
0.778409090909
0.454365079365
0.416666666667
0.829861111111
0.232638888889
0.344516594517
0.686111111111
0.785714285714
0.96
0.855442176871
0.733333333333
0.738636363636
0.563888888889
0.301666666667
0.644444444444
0.183333333333
0.742063492063
0.761363636364
0
0.8375
0.818405139834
0.636904761905
0.77875
0.643055555556
0.233964646465
1.0
0.81746031746
0.54696969697
0.715949675325
0.583333333333
0.620833333333
0.714285714286
0.679607297464
0.6975
0.564285714286
0.875
0.9
0.35
0.916666666667
0.8625
0.694758812616
0.566017316017
0.875
0.489583333333
0.888888888889
0.511363636364
0.730268595041
0.276661706349
0.623611111111
0.55
0.789743589744
0.875
0.3875
1.0
0.541666666667
0
0.857142857143
0.624107142857
0.45
0.833333333333
0.416666666667
0.284722222222
0.0416666666667
0.729166666667
0.805113636364
0.69678030303
0.459986772487
0.791666666667
0.704166666667
0.8125
0.320833333333
0.62614702217
0.728571428571
0.540625
0.331316137566
0.45
0.75
0.5
0.460317460317
0.346672077922
0.79375
0.946428571429
0.6575
0.916666666667
0.583333333333
0.935
0.712962962963
0.809090909091
0.18998241342
0.743055555556
0.773148148148
0.9375
0.938775510204
0.854166666667
0.781385281385
0.797619047619
0.709090909091
0.767857142857
0.633035714286
1.0
0.45
0.583333333333
0
0.698051948052
0.830952380952
0.694444444444
0.650649350649
0
0.7625
0.857142857143
0.3125
0
0.685416666667
0.761363636364
0.559027777778
0.466666666667
0.77380952381
0.66875
0.633333333333
0.916666666667
1.0
0.464285714286
0.902551020408
0.916666666667
0.529400510204
0.833333333333
0.059595959596
0.8
1.0
0.661458333333
0.416666666667
0.763888888889
0.155775012025
0.928571428571
0.881944444444
0.55
0.0444444444444
1.0
0
0.368686868687
0.863888888889
0.9
0.70625
0.500909090909
0.306944444444
0.62803030303
0.73125
0.375
0.842592592593
0.731574675325
0.946428571429
0.126666666667
0.416666666667
0.75
0.0670454545455
0.775
1.0
0.852998236332
0.57619047619
0.483585858586
0.176666666667
0.557638888889
0.9
0.75
0.375
0.784013605442
1.0
0.621632996633
0.375
0.933333333333
0.719090909091
0.714285714286
0.636904761905
0.25
0.75462962963
0.727083333333
0.847222222222
0.686111111111
1.0
0.525
0.733333333333
0.854166666667
0.9
0.416666666667
0.916666666667
0.401607142857
0.8125
0.8125
0.575
0.675
0.698051948052
0.724489795918
0.649801587302
0.311111111111
0.6625
0.615740740741
0.8
0.463888888889
0.879166666667
0.633333333333
0.563888888889
0.916666666667
0
0.500162337662
0.594494047619
0.220679012346
0.72875
0.590277777778
0.160997732426
0.558333333333
0.34375
0.85
0.369588744589
0.716666666667
0.73125
0.854166666667
0
0.79375
0.664166666667
0.21525974026
0.5
0.475
0.093537414966
0.542424242424
0.302922077922
0.654166666667
0.425992063492
0.5
0.827777777778
0.805303030303
0.583333333333
0.298611111111
0.45
0.277840909091
0.75
0.5875
0.857142857143
0.875
0.666071428571
0.56
0.440422077922
0.329942279942
0.833333333333
0.583333333333
0.963888888889
0.412422839506
0.523214285714
0.85
0.174603174603
0.457142857143
0.625
0.119047619048
0.512698412698
0.875
1.0
0.598958333333
0.606481481481
0
0.630952380952
0.385204081633
0.636111111111
0.638170667716
0.9
0.851210153483
0.763636363636
0.35
0.882142857143
0.698958333333
0.611111111111
0.142361111111
0.812585034014
0.84375
0.277777777778
0.755681818182
0.375
0.416666666667
0.625
0.560942760943
0.624567099567
0.627777777778
0.719791666667
0.822222222222
0.724489795918
0.368055555556
0.38814484127
0.433333333333
0.272727272727
0.46130952381
0.916666666667
0.916666666667
0.714583333333
0.928571428571
0.757575757576
0.812585034014
0.778571428571
0.9375
0.733333333333
0.155775012025
0.298214285714
0.589166666667
0.507683982684
0.544444444444
0.25
0.647619047619
0.5625
0.875
0.821428571429
0.9
0.724489795918
0.230113636364
0.487748015873
0.5875
0
0.9
0.8625
0.59375
0.847222222222
0.1875
0.536363636364
0.633333333333
0.239285714286
0
0.569444444444
0.75
0.474489795918
0.4625
0.441666666667
0.2
0.569642857143
0.953571428571
0.79375
1.0
0.95
0.0535714285714
0.8
0.05
0.583333333333
0.711038961039
0.946428571429
0.866071428571
0.916666666667
0.351917989418
0.509375
0.545833333333
0.264499704841
1.0
0.854166666667
0.0340909090909
0.75
0.769821428571
0.888888888889
0.714880952381
0.664285714286
0.481111111111
0.55
0.545012626263
0.570707070707
0.763636363636
0.916666666667
0.0746753246753
0.767857142857
0.757575757576
0.680555555556
0.27380952381
0.414141414141
0.958333333333
0.907142857143
0.828571428571
0.29188712522
0.659199134199
0.514166666667
0.582142857143
0.8
0.416666666667
0.857142857143
0.7
0
0.8
0.333333333333
0.369588744589
0.702380952381
0.821428571429
0.9
0
0.9
0.442592592593
0.709090909091
0.308035714286
0.775
0.590909090909
0.166666666667
0.29125
0.708333333333
0.575757575758
0.709090909091
0.257142857143
0.564444444444
0.740625
0.188492063492
0.904761904762
0.633333333333
0.272727272727
0.260912698413
0.229166666667
0.398115079365
0.544642857143
0.958333333333
0.85625
0.487373737374
0.830357142857
0.645982142857
0.833333333333
0.61130952381
0.389285714286
0.025
0.54154040404
0.686111111111
0.50625
0.308333333333
0.5
0.433333333333
0.77380952381
0.133928571429
0.945833333333
0.583333333333
0.9
0.46875
0.594642857143
0.724567099567
0.568333333333
0.8375
0.916666666667
0.695918367347
0.779640151515
0.8625
0.125
0.82
0.735
0.916666666667
0.709375
0.272727272727
0.845238095238
0.45
0.883928571429
0.0446428571429
0.938775510204
0.492207792208
0.709090909091
1.0
0.409090909091
0.91875
0.731574675325
0.614166666667
0.772727272727
1.0
1.0
0.4625
0.2975
1.0
0.291666666667
0.763888888889
0.724489795918
0.661904761905
0.7
0.944444444444
0.819642857143
0.802777777778
0.613215488215
0.414285714286
0.781818181818
0.739285714286
0
0.857142857143
0.744473140496
0.6875
0.557638888889
0.0530303030303
0.55
0.803571428571
0.759259259259
0.513888888889
0.630952380952
0.803571428571
1.0
0.64268742621
0.684090909091
0.775
0.2
0.104166666667
0.0453703703704
0.581632653061
0.854166666667
0.714285714286
0.297619047619
0.833333333333
0.5
0.811111111111
0.857142857143
0.888888888889
0.8
0.401785714286
0.916666666667
0.916666666667
0.0318181818182
0.435416666667
0.609848484848
0.416666666667
1.0
0.946428571429
0.686111111111
0.764285714286
0.704861111111
0.748214285714
0.576736111111
0.300336700337
0.775
0.25
0.690476190476
0.664285714286
0.515584415584
0.616666666667
0.938775510204
0.648611111111
1.0
0.75
0.916666666667
1.0
0.7
0.953125
0.421296296296
0.8
0.699735449735
0.928571428571
0.291666666667
0.916666666667
0.329365079365
0.825
0.715949675325
0
0.525
0.590277777778
0.0833333333333
0.507575757576
0.5
0.823611111111
0.9
0.688636363636
0.632575757576
0.65
0.583333333333
1.0
0.65
0.513888888889
0.6
0.619047619048
0.733333333333
0.916666666667
0.599285714286
0.34623015873
0.264285714286
0.708333333333
0.938775510204
0.0383838383838
0.230158730159
0.9375
0.368386243386
0.7
1.0
0.648596938776
0.833333333333
0.125
0.291666666667
0.886363636364
0.684090909091
0.928571428571
0.6
0.546825396825
0.775
0.758928571429
0.04375
0.21130952381
0.5625
0.716666666667
0.2575
0.684090909091
0.835
0.633333333333
0.769821428571
0.773148148148
0.666666666667
0.50625
0.7734375
0.434375
0.777777777778
0.620202020202
0.75
0
0.609090909091
0.375
0.601851851852
0.733333333333
0.416666666667
0.719805194805
0.583333333333
0.291666666667
0.449410774411
0.732142857143
0.225
0
0.715909090909
0.774074074074
0.9
0.938775510204
0.504166666667
0.616071428571
1.0
0.922222222222
0.464285714286
0.291666666667
0.047619047619
0.797222222222
0.230158730159
0.612373737374
0.518518518519
0.513888888889
1.0
0.8
0.916666666667
0.426515151515
0
0.757575757576
0.833333333333
0.635030864198
0.666666666667
0.513888888889
0.701388888889
0.4625
0.83125
0.724489795918
0.829861111111
1.0
0.627777777778
1.0
0.38
0.566666666667
0.758928571429
0.486111111111
0.375
1.0
0.277083333333
0.584090909091
0.89898989899
0.256944444444
0.402651515152
0.55
0.647916666667
0.4125
0.296296296296
0.586111111111
0.582407407407
0.675892857143
0.818181818182
0.809090909091
0.347332451499
0.65
0.66
0.804166666667
0.252029220779
0.823611111111
0.416666666667
0.459090909091
0.575170068027
0.708333333333
0.698051948052
0.940476190476
0.645833333333
0.382792207792
1.0
0.763888888889
0
0.854166666667
0.653333333333
0.583333333333
0.656385281385
0.465277777778
0.466666666667
0.358333333333
0.819642857143
0
0.642049319728
0.578463203463
0.611904761905
0.25
0.0390625
0.7
0.240277777778
0.845238095238
0.909090909091
0.666666666667
0.833333333333
0.8125
0.15162037037
0.416666666667
0.0436507936508
0.698051948052
0.647777777778
0.852796674225
0.916666666667
0.663425925926
0.695
0.366666666667
0.305555555556
0.728956228956
0.833333333333
0.619047619048
0.590277777778
0.637067099567
0.877777777778
0.928571428571
0.854166666667
0.595833333333
0.805755608028
0.340909090909
0.851210153483
0.719387755102
0.584814814815
0.6
0
0.291666666667
0.8
0.656385281385
0
0.477777777778
0.857142857143
0.75
0.763571428571
0.935
0.854166666667
0.477777777778
0
0.800202922078
0.561111111111
0.338293650794
0.857142857143
0.197348484848
0.25
0.963888888889
0.545833333333
0.766187384045
0.916666666667
0.384788359788
0.75
0.25
0.875
0.725
0.522222222222
0.539236111111
0.47297979798
0.763636363636
0.075
0.45867003367
0.604166666667
0.655753968254
0.5375
0.375
0.794444444444
0.763041125541
0.928571428571
0.525
0.435793650794
0.533333333333
0.772727272727
0.230158730159
0.75
0.916666666667
0.0327380952381
0.42803030303
0.86
0.559375
0.757575757576
0.64375
0.786363636364
0.652380952381
0.875
0.775
0.334285714286
0.76
0.600892857143
0.620779220779
0.514285714286
0.8125
0.829861111111
0.333333333333
0.449206349206
0.671875
0.5
0.5
0.75
0.569931457431
0.654166666667
0.47297979798
0.716666666667
0.448979591837
0.375
0.583333333333
0.65376984127
0.656385281385
0.420138888889
0.3125
0.633333333333
0.309166666667
0.363095238095
1.0
0.763571428571
0.8828125
0.507575757576
0.786742424242
0
0.840290661719
0.675
0.928571428571
0.75
0.86
1.0
0.166007653061
0.604365079365
0.628571428571
0.0625
0.328518518519
0.201388888889
0.321296296296
0.916666666667
0.5
0.531385281385
0.809090909091
1.0
0
0.375
0.651785714286
0.493518518519
0.716666666667
0.62803030303
0.763636363636
0.75
0.888888888889
0.4125
0.872727272727
0.320833333333
0.304761904762
0.483950617284
0.675
0.845238095238
0.767361111111
0.766666666667
0.722222222222
0.857142857143
1.0
0.763636363636
0.75
0.8
0.565909090909
0.784013605442
0.857142857143
0.312929292929
0.508928571429
0.435069444444
0.492424242424
0.554166666667
0.922222222222
1.0
0.959375
0.578125
0.744642857143
0.888888888889
0.573492063492
0.81
0.775252525253
0.563888888889
1.0
0.726666666667
0.610277777778
0
0.708333333333
0.211111111111
0.797619047619
0.412777777778
0.597222222222
0.71875
0.933333333333
0.854166666667
0.440873015873
0.830357142857
0.718238636364
0.333333333333
0.6875
0.9
0.5
0.916666666667
0.8
0.0451388888889
0
0.715909090909
0.886363636364
0.555833333333
0.7
0.719173881674
0.305555555556
0.729166666667
0.529761904762
1.0
0.733333333333
0.735
1.0
0.296736111111
0.569444444444
0.830357142857
0.597853535354
0.672916666667
0.450793650794
0.692864873222
0.659090909091
0.675
0.803571428571
0.218253968254
0.791666666667
0.321428571429
0.643229166667
0.680555555556
0.698051948052
0.647916666667
0.41875
0.833333333333
0.916666666667
0.8
0.576785714286
0.5
0
0.583333333333
0.484126984127
0.460119047619
0.45
0.75
0.485
0.715151515152
0.9
0.25
0.472916666667
0.0462962962963
0.654761904762
0.121825396825
0
0.825
0.809090909091
0.815909090909
0.642857142857
0.277777777778
0.490277777778
0.715277777778
0.306746031746
0.395833333333
0.618055555556
0.835
0.375
0.423611111111
0.637067099567
0.617658730159
0.696894540645
0.201388888889
0.611111111111
0.656385281385
0.376262626263
0.435606060606
0.916666666667
0.601736111111
0.9
0.8
0.594642857143
0.733333333333
0.464285714286
0.857142857143
0.472222222222
0.711111111111
0.659722222222
0.685416666667
0.774074074074
0.583333333333
0.392857142857
0.4
0.0416666666667
0.404761904762
0.232638888889
1.0
0.25
0.886363636364
0.711785714286
0.8
0.226366341991
0.916666666667
0.284722222222
1.0
0.734848484848
0.83112244898
0.333333333333
0.35
0.378125
0.640625
0.289583333333
0.462310606061
0.857142857143
0.916666666667
0.35
0.507986111111
0.71
0.916666666667
0.881944444444
0.625
0.875
0.622321428571
0.946428571429
0.420304232804
0.633333333333
0.411666666667
0.311728395062
0.393939393939
0.444444444444
0.55
0.795454545455
0.75
0.35
0.9
0.530113636364
0.0458333333333
0.563492063492
0.389285714286
0.863888888889
0.719642857143
0.208333333333
0.4
0.375
0.609523809524
0.745238095238
0.797222222222
0.301666666667
0.8375
0.810714285714
0.416666666667
0.911111111111
0.580357142857
0
0.661458333333
0.680555555556
0.685
0.810714285714
1.0
0.772222222222
0.37181122449
0.416666666667
0.864718614719
0.763636363636
0.747395833333
0.9
0.553977272727
0.5
0
0.583333333333
0.9
0.5
0.166666666667
0.75
0.420833333333
0.632575757576
0.802083333333
0.533611111111
0.958333333333
0.9
0.368333333333
1.0
1.0
0.069696969697
0.416666666667
0.740151515152
0.82711038961
0.535912698413
0
0.833333333333
0.169642857143
0.774074074074
1.0
0.670918367347
0.940476190476
0.75
1.0
0.7
0.583333333333
0.827083333333
0.428571428571
0.305555555556
0.916666666667
0.0805600649351
0.39595959596
1.0
0.8
0.698571428571
0.333333333333
0.916666666667
0.0972222222222
0.7734375
0.460416666667
0.542424242424
0.266666666667
0.75
0
0.916666666667
1.0
0.757575757576
0.690476190476
0.7
0.690476190476
0.8
0.194444444444
0.916666666667
0.55
0.52904040404
0.5
0.775
0.5
0.781385281385
0.8
0.916666666667
0.809090909091
0.52025462963
0.25
1.0
0.888888888889
0.470454545455
0.62375
0.8
0.9
0.333333333333
0.333333333333
0.619047619048
0.441865079365
0.336805555556
0.569444444444
0.230158730159
0.916666666667
0.343998015873
0.531385281385
0.538888888889
0
0.468948412698
0.675
0.875
0.857142857143
0.916666666667
0.186111111111
0.833333333333
0.423611111111
0.610957792208
0.211111111111
0.311728395062
0.626666666667
0.692864873222
0.953125
0.571428571429
0.6
0.273029100529
0.85
0.291666666667
0.922222222222
0.721631493506
0.0535714285714
0.32208994709
0.566666666667
0.634259259259
0.761904761905
0.863636363636
0.9375
0.582142857143
0.827976190476
0.140634920635
0.64880952381
0.4
0.62380952381
0.368777056277
0.674350649351
0.940476190476
0.266666666667
0.75
0.833333333333
0.350649350649
0.668154761905
0.0378787878788
0.916666666667
0.208333333333
0.5
0.25
0.773148148148
0.721631493506
0.775252525253
0.911111111111
0.642424242424
0.944444444444
0.938775510204
0.642857142857
1.0
0.295833333333
0.833333333333
0.230158730159
0.652556818182
0.755357142857
0.618055555556
0.875
0.37931547619
0.7975
0.664285714286
0.714285714286
0.825
0.854166666667
0.767361111111
0.343981481481
0.842708333333
0.819642857143
0.583333333333
0
0.369588744589
0.5
0.318181818182
0.757575757576
1.0
0.459595959596
0.75
0.724489795918
0.885
0.47037037037
0.678571428571
0.25496031746
0.380952380952
0.0625
0.8375
0.928571428571
0.455619997287
0.8
0.305
0.666666666667
0.938775510204
0.9
0.599285714286
0.326041666667
0.5625
0.946428571429
0.875
0.833333333333
0.775
0.958333333333
0.819217687075
0.835600907029
0.7
0.571861471861
0.385
0
0.770833333333
0
0.847222222222
0.916666666667
0.317003367003
0.583333333333
0.416666666667
0.75
0.521111111111
0.318181818182
0.35
0.613215488215
0.77380952381
0.219595959596
0.598484848485
0.636111111111
0.746031746032
0.598484848485
0.576282051282
0.446759259259
0.25
0.5
0.541666666667
0.608333333333
0.656404958678
0.416666666667
0.5703125
0.134424603175
0.698051948052
0.833333333333
0.538888888889
0.833333333333
0.333333333333
0.911111111111
0.761904761905
0.66875
0.8
0.85
0.922222222222
0.5
0.777777777778
0
