0.643990929705
0.117410714286
0.208333333333
0.321825396825
0.155555555556
0.208564814815
0.155844155844
0.277777777778
0.127508854782
0.025
0.165648148148
0.269570707071
0.103395061728
0.22975308642
0.0434090909091
0.417592592593
0.145124716553
0.322857142857
0.354545454545
0.187152133581
0
0.0176767676768
0.10101010101
0.100144300144
0.08125
0.034617003367
0
0.369821428571
0.028125
0.0628472222222
0.0386904761905
0.297794117647
0.156828703704
0.0386904761905
0.127756410256
0.198717948718
0.243055555556
0.130952380952
0.0133333333333
0.163541666667
0.0143229166667
0.173015873016
0.0222222222222
0.408682983683
0.20306122449
0.199197530864
0.180607769424
0.0440826330532
0
0.175
0.259375
0.119402356902
0.139285714286
0.121428571429
0.0580357142857
0
0.173611111111
0
0.0933333333333
0.118055555556
0.03203125
0.174285714286
0.252705627706
0
0.126984126984
0.115769230769
0.0810096153846
0.0763888888889
0.0657670454545
0.141666666667
0.342301587302
0.35261707989
0.101666666667
0.174851190476
0.209375
0.179846938776
0
0.207365319865
0.155555555556
0.0454545454545
0
0.242857142857
0
0.0414285714286
0.238129463129
0.0829166666667
0.03125
0.169444444444
0.106493506494
0.236111111111
0
0.192932692308
0.0404761904762
0.0436327561328
0.184702286018
0.17
0.0492424242424
0.055625
0
0.0497159090909
0.6
0.266818181818
0.368650793651
0.0280612244898
0.459779614325
0.61655011655
0.464285714286
0.507142857143
0.413194444444
0.220535714286
0.0208333333333
0.494444444444
0.275
0.417613636364
0.154761904762
0.510416666667
0.433680555556
0.337878787879
0.175324675325
0.342140151515
0.083950617284
0.291666666667
0.05
0
0.382261904762
0.0154220779221
0.188657407407
0
0.0871212121212
0.575320512821
0.062748015873
0.0623015873016
0.077380952381
0.21875
0.174318181818
0.0168650793651
0.173366013072
0.433333333333
0.1875
0
0.254901960784
0.489583333333
0.292045454545
0.184752747253
0.0945238095238
0.0232142857143
0.145292207792
0.106481481481
0.169412878788
0.261545399045
0.171428571429
0.194196428571
0
0.0309523809524
0.10811965812
0.245987654321
0
0.165550595238
0.0854377104377
0.232083333333
0.102777777778
0.0677083333333
0
0.0436862244898
0.0395833333333
0.275811688312
0.065625
0.21875
0.0182291666667
0.065625
0
0.397921522922
0.271527777778
0.132142857143
0
0
0.0621521335807
0
0.028749028749
0.154761904762
0.146825396825
0.234920634921
0.125
0.272108843537
0
0
0.190211640212
0.394345238095
0.196130952381
0.0169047619048
0.0928571428571
0.0223214285714
0.20202020202
0.188888888889
0.155202821869
0.266018518519
0.126984126984
0.4375
0.204545454545
0.0349698912199
0.178095238095
0.269642857143
0.428571428571
0.357146464646
0.248557692308
0.221212121212
0.535416666667
0.358125
0.338240740741
0.239583333333
0.202635327635
0.16727582846
0.0444444444444
0.182291666667
0.166666666667
0
0.0875360750361
0.0404761904762
0.145833333333
0.137731481481
0.154603729604
0.025
0.103571428571
0.03
0
0
0.176875
0.236111111111
0.106935541311
0.279220779221
0.271832010582
0.104166666667
0.339930555556
0.396071428571
0.0833333333333
0.19087962963
0.171932977737
0.0512152777778
0.0219907407407
0.0982142857143
0.0428571428571
0.103125
0.0904761904762
0.289012079191
0.0620535714286
0.00622294372294
0.191944444444
0.220471355568
0.0541666666667
0.0544847568657
0.125
0.0386904761905
0.0447447289553
0.187774725275
0.175382653061
0
0.185185185185
0.179193899782
0.0334821428571
0
0.0214285714286
0.04375
0.133333333333
0.229166666667
0.193757631258
0.0260416666667
0
0.18265993266
0.117307692308
0.0597643097643
0
0.107673961841
0.078125
0.0642857142857
0.0168650793651
0.226785714286
0
0.0318077601411
0.231818181818
0.0994055944056
0.0666666666667
0.0601096491228
0
0.224305555556
0.0449810606061
0.0675
0.239767573696
0.0159090909091
0.0995759414877
0.0775
0.194024644946
0.505587121212
0.250992063492
0.219196428571
0.04375
0.133078231293
0
0.112244897959
0.194444444444
0.100961538462
0.700992063492
0.517748917749
0.203125
0.415895061728
0.11755952381
0.252097902098
0.324302780553
0.264761904762
0.0572390572391
0.35441468254
0.231060606061
0
0.385416666667
0.475250285299
0.396666666667
0.386904761905
0.168253968254
0
0.211527777778
0.427761994949
0.168604312354
0.0571428571429
0
0.356696428571
0.334375
0.216553287982
0.303290343915
0.24512987013
0.208333333333
0.3775
0.21898989899
0.1
0
0.225198412698
0.1625
0.205357142857
0.0971428571429
0.371990740741
0
0.181818181818
0.1078125
0.252083333333
0.041635037112
0.150669642857
0.257606679035
0.194696969697
0.0484126984127
0.137445887446
0.180803571429
0.0701298701299
0.279761904762
0.172222222222
0.22335207231
0.119113756614
0.128571428571
0.381578947368
0.0409722222222
0.0777777777778
0.256746031746
0.0704365079365
0.0435069444444
0.200757575758
0.161255411255
0.385833333333
0.213541666667
0.251984126984
0.31880952381
0.179193722944
0.307021103896
0.149359504132
0.0311259920635
0.0311458333333
0.145833333333
0.0238636363636
0.0439043209877
0.031746031746
0.210437710438
0.380952380952
0.382962962963
0.0622222222222
0.176785714286
0.263859577922
0
0.0334821428571
0.0486728395062
0.0486111111111
0.0611111111111
0
0.198412698413
0.131180555556
0.228888888889
0.0986772486772
0.2125
0.257986111111
0.0811111111111
0.0974545454545
0.113636363636
0
0.109113109113
0.22415024247
0.325
0.589285714286
0.55
0.108803418803
0.535714285714
0.480208333333
0.295833333333
0.5
0.382142857143
0.21
0.5
0.375
0.0104166666667
0.182142857143
0.02
0.270663265306
0
0.372767857143
0.167261904762
0
0.296753246753
0.1625
0.485950413223
0.314484126984
0
0.396875
0.2125
0.301339285714
0.412575757576
0.520408163265
0.106296296296
0.252884615385
0.478409090909
0.498863636364
0.266666666667
0.144444444444
0.171296296296
0.222222222222
0.214285714286
0.0633333333333
0.291666666667
0.166666666667
0.318122314715
0
0.101260247689
0.255555555556
0.15625
0
0.328125
0.0676923076923
0.00719696969697
0.0246031746032
0.354166666667
0.125588697017
0.573214285714
0
0.332239057239
0
0.03
0.188744588745
0.0215487637363
0.23625
0.196296296296
0.101319444444
0.206597222222
0.171227810651
0.368333333333
0.337272727273
0.325
0.0511408730159
0.214285714286
0.305456349206
0.294345238095
0.194375
0.140625
0
0.24375
0.571428571429
0.0807189239332
0
0.214285714286
0
0.261383292633
0.356484962406
0.151984126984
0.0731120731121
0.016835016835
0.170454545455
0.0737689393939
0.031746031746
0.171428571429
0.383928571429
0.0381944444444
0.0932142857143
0.213698257081
0.0265079365079
0.345695970696
0.022619047619
0.0425006366183
0
0.313839285714
0.5625
0.541666666667
0.559523809524
0.297619047619
0.28212962963
0.230341880342
0.393181818182
0.196825396825
0.522297979798
0
0.348194444444
0.242954545455
0.167410714286
0.3675
0.0286195286195
0.164965986395
0.185606060606
0.270918367347
0.235
0.175935828877
0.22184990935
0.292613636364
0.523842592593
0.16369047619
0.121428571429
0.15
0.290476190476
0.145833333333
0.0354166666667
0.208333333333
0.381313131313
0.203703703704
0.013468013468
0.0257936507937
0.234953703704
0.154761904762
0.354166666667
0.0977678571429
0.172991071429
0
0.22486013986
0.0579545454545
0.0669642857143
0.371428571429
0.309523809524
0.011038961039
0.191991341991
0
0.0972222222222
0
0.0472222222222
0.0120506535948
0
0.251481481481
0.0482638888889
0.0777777777778
0.0393595041322
0.0444444444444
0.0168269230769
0.209249084249
0.172916666667
0
0.126262626263
0.295833333333
0
0.0177083333333
0.156944444444
0
0.253968253968
0.025
0.0449082167832
0
0.0782828282828
0.207692307692
0
0
0.19632034632
0.0659722222222
0.102232142857
0.145253555968
0.302106227106
0.188848188848
0.0609179815911
0.142766955267
0.117908496732
0.166491596639
0.23626984127
0.0246340960627
0.110877684407
0.350524727797
0.0697278911565
0.0714285714286
0.122470238095
0.0505555555556
0.0768595041322
0.0720238095238
0.0761904761905
0.05
0.0512093726379
0.358070500928
0.043413729128
0.0623015873016
0.206736111111
0.225396825397
0.383680555556
0.489102564103
0.316001899335
0.228395061728
0.264013605442
0.152261904762
0.0489583333333
0.249074074074
0.206349206349
0.276785714286
0.1125
0.261018518519
0.420833333333
0.4125
0.0192901234568
0.206018518519
0.301587301587
0.4
0.156741695804
0.252777777778
0.365625
0.256172839506
0.291666666667
0.0385361552028
0.297727272727
0
0.116258741259
0.116883116883
0
0.0168650793651
0
0.0885416666667
0.1421875
0.196428571429
0.168269230769
0.201428571429
0.196428571429
0.481646825397
0.0875
0
0.155555555556
0.146590909091
0
0.114392551893
0
0.140273654917
0.00858585858586
0.0550462962963
0.375
0.0675
0.074574829932
0.14758698092
0.0788194444444
0.134943181818
0.190909090909
0.0562962962963
0.25
0.0309523809524
0.105555555556
0.310950413223
0.0891319444444
0.0992784992785
0.0347222222222
0.208472222222
0.1625
0.0386904761905
0.301901709402
0.160984848485
0.0457001879699
0.275925925926
0.190025252525
0.130291005291
0.286989795918
0.0386904761905
0.0178571428571
0
0.085
0.0548540965208
0.0194805194805
0.171428571429
0.128086419753
0
0.225
0
0.046875
0.103174603175
0
0.203125
0.0909090909091
0.0975
0.0295138888889
0.0202621452621
0.125283446712
0.195833333333
0.0444444444444
0.206980519481
0.35524691358
0.329922839506
0.261363636364
0.459375
0.0572916666667
0.178210678211
0.343214285714
0.138888888889
0.203333333333
0.166666666667
0.15625
0.223958333333
0.190909090909
0.234154040404
0.106060606061
0.584090909091
0.150163769211
0.173486467236
0.152597402597
0.115625
0.34375
0.112188208617
0.0121428571429
0
0.2625
0
0.126984126984
0.0208333333333
0.130647130647
0.0103174603175
0.495238095238
0.129148629149
0.380769230769
0.325396825397
0.113791208791
0.342592592593
0.270833333333
0.0267857142857
0.0234375
0
0.046556122449
0.145833333333
0.270833333333
0.143849206349
0.0141414141414
0
0.2375
0.190740740741
0.111111111111
0.0976388888889
0.285446127946
0.0796875
0.0151515151515
0
0.125171703297
0.300631313131
0
0
0.0883585164835
0.0589285714286
0.0617063492063
0.163149350649
0.16950617284
0
0.0434744268078
0.213888888889
0.182967032967
0.094696969697
0.243055555556
0
0.126984126984
0.118055555556
0.0112781954887
0.0295138888889
0.200757575758
0
0.131944444444
0.280303030303
0.15625
0.0374503968254
0.0862637362637
0.122732843137
0.0306397306397
0.145833333333
0.069246031746
0
0.0533333333333
0.04329004329
0.32
0.155555555556
0.243923611111
0
0.178895039797
0.104166666667
0.112287414966
0
0
0.0441964285714
0
0.591087962963
0.111111111111
0.277777777778
0.45
0.555844155844
0.465034965035
0.150669642857
0.48619047619
0.350680272109
0.376666666667
0.305288461538
0.375961538462
0.280357142857
0.171428571429
0
0.510416666667
0.267857142857
0.281481481481
0
0.231818181818
0.05
0.258585858586
0.118801965231
0.133333333333
0.279220779221
0.16
0.166666666667
0.168282828283
0.581575963719
0
0.142708333333
0.0357142857143
0.0388888888889
0.288194444444
0.0159090909091
0.128716931217
0.313807951308
0.164285714286
0.141765873016
0.031746031746
0.0482142857143
0.349626068376
0.0185185185185
0.0777777777778
0.205108780109
0.200810185185
0.0134920634921
0.10101010101
0.1125
0.112962962963
0.0416666666667
0.1625
0.071626984127
0.497346938776
0.144886363636
0.170982142857
0.0391737891738
0.1125
0.064478021978
0.1875
0.0732323232323
0.146428571429
0
0.152777777778
0.155555555556
0.110528360528
0.186813186813
0.132196969697
0.0110576923077
0.046875
0.118055555556
0.227777777778
0.439423076923
0.0488636363636
0.39333677686
0.0292207792208
0.0680555555556
0.139444444444
0.0375
0.0388888888889
0.132738095238
0.0534511784512
0.028125
0.345815295815
0
0.0773601398601
0.391414141414
0.0249313186813
0.245535714286
0.0126201923077
0
0.247727272727
0.277619949495
0
0.0535714285714
0
0.0509090909091
0.317628205128
0.00925925925926
0.0366477272727
0.513333333333
0.456845238095
0.338181818182
0.208928571429
0.134615384615
0.3125
0
0.258928571429
0.356363636364
0.0253787878788
0.0729166666667
0.248042929293
0.0192307692308
0.243465909091
0.141666666667
0.464285714286
0.0696924603175
0.25753968254
0.031746031746
0
0.286755952381
0.194444444444
0.05
0
0.237202380952
0.0607638888889
0.136054421769
0.275
0.65
0.065625
0.169110576923
0.400297619048
0
0.416319444444
0.071875
0.24358974359
0.173544973545
0.22619047619
0.0238636363636
0.0307158119658
0.2375
0.148660714286
0.135714285714
0.0347222222222
0.05625
0.16130952381
0.181613756614
0.269047619048
0.204220779221
0.0300925925926
0.0557765151515
0.113888888889
0.05
0
0.0212418300654
0.075
0.202678571429
0.0202821869489
0
0.0417582417582
0.125
0.186363636364
0.189583333333
0.0712962962963
0
0.0295138888889
0.0872727272727
0.255471380471
0.0875
0.171553677804
0
0.26328125
0.239417989418
0.210648148148
0.0449004120879
0.0475
0.0776515151515
0
0.0277777777778
0.0902972027972
0.162087912088
0.15625
0.261388888889
0.0761904761905
0.119724025974
0.212962962963
0.0559920634921
0.0416666666667
0.1125
0.173076923077
0.0208333333333
0.22
0.0968112244898
0.0540701128936
0.0245535714286
0.127604166667
0.029022556391
0.241958041958
0.22875
0
0.779166666667
0.52803030303
0.238095238095
0.27213290182
0.107886904762
0.371233974359
0.178763320013
0.334656084656
0.0725694444444
0.482380952381
0.416666666667
0.15625
0
0.419837962963
0.278571428571
0.429653679654
0.177625152625
0.238442460317
0.0669444444444
0.0761904761905
0.3125
0.148148148148
0
0.289846517119
0.0633333333333
0
0.1875
0.0436507936508
0.0532407407407
0.0401180609514
0.00974025974026
0.167818168934
0.453846153846
0.220061728395
0.0466666666667
0.503214285714
0.0714285714286
0.161989795918
0.0551776266062
0.22512755102
0.1640625
0.0642857142857
0.229404761905
0.194444444444
0.477685185185
0.111111111111
0.0954166666667
0.183333333333
0.140625
0.262361111111
0
0
0.0675
0.107323232323
0.163194444444
0.0654761904762
0.173263888889
0.145454545455
0.185416666667
0.0413194444444
0.131135531136
0.388888888889
0.447890625
0.433547008547
0.0451388888889
0.0416666666667
0.165238095238
0.0916666666667
0.0304924242424
0
0.0444444444444
0.144365079365
0
0.0745535714286
0.185
0.271875
0.258928571429
0.28950617284
0.29196969697
0.0282738095238
0.194642857143
0.327708333333
0.125841750842
0.138888888889
0.112121212121
0.0267857142857
0
0.0857142857143
0.130634920635
0.150378787879
0.169642857143
0.4125
0.107371794872
0.353174603175
0.0146103896104
0.241836734694
0.0377136752137
0.0735119047619
0.0434027777778
0.0663580246914
0.5
0.243055555556
0.412585034014
0.176209207459
0.0451388888889
0.277777777778
0.123214285714
0.148214285714
0
0.140796703297
0.356481481481
0.194444444444
0.455026455026
0.0172839506173
0.135714285714
0.690625
0.267857142857
0.411538461538
0.316666666667
0
0.196654040404
0.150424575425
0.141608391608
0.27520661157
0.279220779221
0.500108225108
0.318333333333
0.3617003367
0
0.261688311688
0.171957671958
0.223125
0.169444444444
0.164865689866
0.0232804232804
0.2
0.202083333333
0.2375
0.313787878788
0.295482295482
0.297222222222
0.0270833333333
0.116883116883
0.240277777778
0.24375
0.315625
0.166666666667
0.307142857143
0.175320512821
0.259248737374
0.201388888889
0.0892857142857
0.65474537037
0.227023809524
0.151785714286
0.0196523053666
0.0173611111111
0.131944444444
0.0699786324786
0.061875
0.255776515152
0.125
0.0465773809524
0.302777777778
0.0463108320251
0.1625
0.0364583333333
0.0654761904762
0.0397727272727
0.1
0.514159451659
0.1625
0.32012987013
0.29678030303
0.324031986532
0
0.297619047619
0.15625
0.194431818182
0.0700231481481
0
0.258522727273
0.177083333333
0.105555555556
0.0179924242424
0.0253968253968
0.131087662338
0.190740740741
0.0239583333333
0.379829545455
0.321428571429
0.209523809524
0.124242424242
0.0238095238095
0.129166666667
0.0484848484848
0.181696428571
0.156818181818
0.337341269841
0.0300925925926
0.571875
0.334523809524
0.207142857143
0.180555555556
0.247619047619
0.416695362718
0.160714285714
0.400793650794
0.133928571429
0.569285714286
0.128571428571
0.0308080808081
0.251587301587
0.161458333333
0.169375
0.328395562771
0.16369047619
0.333333333333
0.142992424242
0
0
0
0.165952380952
0.441193181818
0.156605739939
0.0566666666667
0.388888888889
0.188368055556
0
0
0.0902777777778
0.0631944444444
0
0.104166666667
0.103571428571
0.19711038961
0
0.0166666666667
0.196666666667
0.10119047619
0
0
0.0125
0.0982142857143
0.0557397959184
0.237268518519
0.184783950617
0.208333333333
0.215909090909
0.196057692308
0.145454545455
0.286525974026
0.130555555556
0.167291666667
0.1
0.173611111111
0
0.0274725274725
0
0.344328703704
0.309523809524
0.0618027805528
0.0972222222222
0.0611111111111
0.16
0.160714285714
0.26645021645
0.229166666667
0.1632996633
0
0.0988888888889
0.357142857143
0.110977564103
0.5
0
0.0498511904762
0.052380952381
0
0
0.0535714285714
0.453535353535
0.155555555556
0.0617715617716
0.300892857143
0
0.15585144373
0.0643939393939
0.0221088435374
0.0857142857143
0.109375
0.335714285714
0.0297619047619
0.138630952381
0.0595861409579
0.110714285714
0.0467503987241
0.403703703704
0.163975538686
0.203787878788
0.0972222222222
0.464285714286
0.226547619048
0.31960978836
0.449519230769
0.25
0.491883116883
0.389285714286
0.30303030303
0.0538961038961
0.270454545455
0.135857648845
0.185064935065
0.102083333333
0.375076394194
0.170521978022
0.0376984126984
0.185281635802
0.138888888889
0.202136752137
0
0.339393939394
0.187893896227
0.13
0.0161616161616
0.145833333333
0.113095238095
0.208806818182
0.313717532468
0.260606060606
0.0704365079365
0.266666666667
0
0.2125
0.13005952381
0.126984126984
0.348484848485
0.214722222222
0.291666666667
0.128787878788
0.204404761905
0.118055555556
0.349168192918
0
0.118171296296
0.128787878788
0.234375
0.21
0.14126984127
0.162007833436
0.293181818182
0.211458333333
0.163928571429
0.0181405895692
0.238095238095
0.19753968254
0
0.358005050505
0.0508333333333
0
0.260416666667
0.0364758698092
0.184166666667
0.110969387755
0.050641025641
0.3
0.350299426451
0.0266666666667
0.244345238095
0.183413461538
0.031746031746
0.141330645161
0.0877403846154
0.182291666667
0.245717592593
0
0.15802154195
0.1633361678
0.291590909091
0.0888157894737
0
0.114838864839
0.158522727273
0.115476190476
0.219309116809
0.0486111111111
0
0.138461538462
0.160984848485
0.024779040404
0.0729301948052
0.297619047619
0.353968253968
0.0738782051282
0.0399801587302
0.105753968254
0.0867346938776
0.171875
0.123055555556
0.291633597884
0.122222222222
0.406944444444
0.603851010101
0.619047619048
0.267857142857
0.296875
0.30303030303
0.23769459707
0.251851851852
0.153333333333
0.44
0.116883116883
0
0.694551282051
0.435606060606
0
0.357600732601
0.046875
0.160714285714
0.0428571428571
0.173863636364
0.116883116883
0.161538461538
0.156613756614
0.0592261904762
0.149837662338
0.230555555556
0
0.471840659341
0.130478896104
0.223484848485
0.185714285714
0.100694444444
0.349950396825
0.249305555556
0.180871212121
0.211038961039
0.32619047619
0.112462121212
0
0.367658730159
0.323863636364
0.00868055555556
0.194285714286
0
0.0752777777778
0
0.236659108088
0.185848992375
0.149677579365
0.0672193877551
0.221955128205
0.0157967032967
0.182461873638
0.191477272727
0.181318681319
0.262524801587
0.155040021707
0.144486531987
0.343181818182
0.0771825396825
0.274350649351
0.149553571429
0.0252525252525
0.0333951762523
0.1875
0.115993265993
0.0429292929293
0.0302083333333
0.0394444444444
0.133333333333
0.0468474426808
0.0147727272727
0.0365079365079
0.581101190476
0
0.0444444444444
0.0625
0.112268518519
0.139413616686
0.265828318507
0.0180555555556
0.0634920634921
0.0664073426573
0.356818225866
0.297595841455
0.0424242424242
0.175357142857
0.0243055555556
0.366512345679
0.0564418696772
0.0888888888889
0.281215564738
0.018315018315
0.123579545455
0.128787878788
0
0.291666666667
0
0
0.0641991341991
0.619047619048
0.65
0.174242424242
0.119212962963
0.375
0.306666666667
0.154761904762
0.120694444444
0.372727272727
0
0.271897546898
0.0833333333333
0
0.205092592593
0.0238095238095
0
0.487698412698
0.0503472222222
0.334401709402
0.384375
0
0.138205666882
0.215625
0.12380952381
0.251228191001
0.32375
0.228720238095
0.0253968253968
0.163194444444
0.0972222222222
0
0.23625
0.18005952381
0
0.0484126984127
0
0
0.0101851851852
0.0770833333333
0.113125
0
0.0259026687598
0.0380952380952
0.063408659242
0.0429894179894
0
0.0640685045948
0.0787698412698
0.181043956044
0.088125
0.165663040663
0.22
0.11149691358
0.308806818182
0.39375
0.0083041958042
0
0.0543956043956
0.0563523860399
0
0
0
0.0104463437797
0
0.0687830687831
0.0304195804196
0.588293650794
0.383207070707
0.284623015873
0.114583333333
0.125712250712
0
0.078869047619
0.0269886363636
0.258180708181
0.236742424242
0.375937950938
0.0106837606838
0.210700757576
0.21461038961
0.258796296296
0.231307977737
0.148901098901
0.129320679321
0.328125
0.156547619048
0
0
0.0768799102132
0.331818181818
0.0406084656085
0.0871212121212
0.166666666667
0.0263888888889
0.281590909091
0
0.0295138888889
0
0.209375
0.119523809524
0.419345238095
0.701486013986
0.145833333333
0.45321969697
0.260849358974
0.309523809524
0.338293650794
0.358407738095
0.240740740741
0.634691697192
0.0982142857143
0.174107142857
0.183333333333
0
0.0848484848485
0.0326388888889
0.0364583333333
0.158872955748
0
0.166666666667
0.177083333333
0.2
0.309523809524
0.146103896104
0.025
0.208333333333
0.0491071428571
0.5046875
0.0837053571429
0.1375
0.145833333333
0.1125
0.222222222222
0
0.121428571429
0.0820512820513
0.304166666667
0.0102564102564
0.162337662338
0.0292002063983
0.0176767676768
0.0188492063492
0
0.0133928571429
0.306150793651
0.0394642857143
0.0198412698413
0
0.0280612244898
0.0267857142857
0
0.16369047619
0
0.0669642857143
0.0364583333333
0.0943918350168
0.0198412698413
0.0702777777778
0.209449404762
0.193948412698
0.167658730159
0.22875
0.3125
0
0.126984126984
0.0461805555556
0.125120712621
0.222222222222
0.0686111111111
0.0836776859504
0.160984848485
0.32938034188
0.012987012987
0.180357142857
0
0.0518518518519
0.0349702380952
0.0406746031746
0.112476808905
0.0456349206349
0.220833333333
0.476638837353
0.0112179487179
0.0191058941059
0.2025
0.237654320988
0.078125
0.0997354497354
0.325942460317
0.129761904762
0.111607142857
0.241388888889
0.0715029761905
0.264409722222
0.197222222222
0.0386904761905
0.0258387445887
0.0571428571429
0.165387205387
0.299675324675
0.912962962963
0.714285714286
0.688657407407
0.375
0.503720238095
0.237815656566
0.399242424242
0.297222222222
0.386111111111
0.104166666667
0.185165895062
0.0486111111111
0.181481481481
0.29712962963
0.391666666667
0.554684601113
0.433760683761
0.267708333333
0.558283730159
0.222222222222
0.599138176638
0.235795454545
0.633012820513
0.124458874459
0.33841991342
0.208333333333
0.188825757576
0.208333333333
0.132503607504
0.07
0.168526785714
0.453958333333
0
0.258333333333
0.331434240363
0
0.0344967532468
0.369047619048
0.0192307692308
0
0.0513888888889
0.210185185185
0.432098765432
0
0.0573302469136
0.166666666667
0.209821428571
0.0541666666667
0.0449628496503
0.0508928571429
0.22037037037
0.159920634921
0.176587301587
0.0910714285714
0.505
0.172619047619
0.018771043771
0.311111111111
0
0
0.303125
0.4
0.15306122449
0.101767676768
0.233333333333
0.075
0.128181818182
0.0726686507937
0.131547619048
0.10989010989
0.141369047619
0
0.0666666666667
0.197916666667
0.0416666666667
0
0.0740740740741
0.255952380952
0.316666666667
0.196215986395
0
0.161706349206
0.0631944444444
0.0140625
0.0484848484848
0.469285714286
0.127087198516
0.0409090909091
0.03125
0.141193181818
0
0.133928571429
0.287301587302
0.296875
0.0429261811937
0
0.0235042735043
0.139285714286
0
0.141369047619
0.259848484848
0.584829059829
0.31875
0.227692307692
0.532561728395
0.620833333333
0.24217032967
0.499702380952
0.269791666667
0.287334656085
0.138194444444
0.145833333333
0.0803571428571
0.256313131313
0.454322344322
0
0.201984126984
0.065
0.160984848485
0.0166975881262
0.267361111111
0.191666666667
0.0232142857143
0.0190476190476
0.217653061224
0.144375
0.1625
0.145833333333
0.475
0
0.350892857143
0.0190972222222
0.131313131313
0.0791666666667
0.162545787546
0.183333333333
0.0269886363636
0
0.215277777778
0.094696969697
0
0.0803571428571
0.046875
0.263492063492
0.147222222222
0.166361416361
0
0
0.0309523809524
0.0416666666667
0.0945601851852
0
0.390625
0.126691176471
0.354166666667
0.0510416666667
0.0561868686869
0.0107323232323
0.186513157895
0.0706906729634
0.197916666667
0.117857142857
0.274330357143
0.0386904761905
0.0466666666667
0.164920634921
0.0590277777778
0.178787878788
0.277110042735
0.161616161616
0.245643939394
0.133333333333
0
0.133928571429
0.2
0.1146875
0.0277777777778
0
0.0485714285714
0.01
0.016369047619
0.02875
0.0972222222222
0.0564236111111
0.297919283098
0.0625
0.0375
0.0784722222222
0.162572150072
0.15
0.147222222222
0
0
0.046875
0.035
0.0583333333333
0.129538690476
0.25
0.0390625
0.107692307692
0.333333333333
0.290416666667
0.261111111111
0.236111111111
0.365047534165
0.303611111111
0.238425925926
0.29126984127
0.318346088435
0.173611111111
0.163095238095
0.268518518519
0.0214285714286
0.340476190476
0.113888888889
0.190769230769
0.0447811447811
0.149305555556
0.0785714285714
0.211111111111
0.0947222222222
0.0342857142857
0.200641025641
0.159722222222
0.05625
0.311111111111
0.221428571429
0.0833333333333
0.149368686869
0.222222222222
0.0117592592593
0.361111111111
0.0572727272727
0
0.18255952381
0.0813873626374
0.0869047619048
0.361882716049
0.0291666666667
0.291666666667
0.124007936508
0
0.187222222222
0.188310185185
0.3625
0.230158730159
0.0238381410256
0.121513605442
0.0263888888889
0.2125
0.130208333333
0.0666666666667
0.316517857143
0.0497835497835
0
0.17037037037
0.187375455233
0.174851190476
0.259259259259
0.037037037037
0.0371913580247
0.0107323232323
0.139898989899
0.119128787879
0.191666666667
0
0.104166666667
0.266666666667
0.0279220779221
0.27962962963
0.0246753246753
0.270408163265
0.158928571429
0.206349206349
0
0.209523809524
0.216782407407
0.0315656565657
0.0952380952381
0.0923611111111
0.0706790123457
0.164835164835
0.262037037037
0.291666666667
0.0583333333333
0
0.047899631233
0.180519480519
0.0180555555556
0.0733333333333
0.1625
0.171568627451
0.181696428571
0.016369047619
0.225
0.327508854782
0.01443001443
0.00865384615385
0.0768518518519
0
