0.445346888248
0.88096349466
0.545480262973
0.698993062724
0.557185302242
0.627563858287
0.870536841439
0.365623815455
0.0716762457383
0.485424782004
0.650687530703
0.53546146325
0.757481598007
0.767710911695
0.640006475468
0.783008939198
0.505819397588
1.0
0.663154868185
0.810388721931
0.0736188285147
0.80549008908
0.442198179361
0.759824626032
0.545478602172
0.913495179468
0.660890621745
0.5061219421
0.851957128956
0.518755063673
0.117004195824
0.0792186645454
0.703947198849
0.413364963448
0.520903395588
0.115349646432
0.279192664327
0.594714857265
0.884756553821
0.517302016996
0.939021930485
0.0775189276157
0.859033006882
0.829073570958
0.974851461885
0.617762847786
0.772235643986
0.720519258982
0.879550321252
0.159548364098
0.0352564826387
0.762612900625
0.145001413996
0.375580299474
0.213635498864
0.634793724103
0.473912883209
0.536425287822
0.442635861982
0.812099687188
0.734654700853
0.700597988019
0.817705946916
0.294774768922
0.761518999346
0.693513789162
0.303094790257
0.522963651835
0.913495179468
0.879171148756
0.704758863825
0.776065045535
0.349605328551
0.76521173535
0.989654646101
0.174469426664
0.73305077423
0.744380383188
0.97605683857
0.751150064604
0.342515898114
0.824215469017
0.638680840141
0.765712874438
0.327921016322
0.72869156347
0.369982330431
0.832477217997
0.626464809822
0.989654646101
0.335894688665
0.752304482488
0.500736213276
0.443322885479
0.552888736977
0.324376595022
0.815503229035
0.718838759923
0.79566157972
0.818618814162
0.826197661408
0.356756559392
0.431165480787
0.0786817292602
0.609296983435
0.531050296208
0.939021930485
0.681457476241
0.807237391344
0.390868687157
0.989654646101
0.912253412306
0.512824294473
0.879550321252
0.783967248909
0.383389852485
0.705553358775
0.430650151755
0.70043182174
0.863703355639
0.394114397877
0.855017341776
0.367140811364
0.632943608065
0.848230531379
0.503392119287
0.792189377102
0.718143986465
0.767238760565
0.934920650102
0.225533209925
0.923860498049
0.754191091463
0.785608778741
0.442906741352
0.626127522289
0.730449438167
0.807237391344
0.739478661695
0.75399409774
0.602299798019
0.370891401191
0.496211270845
0.484851699839
0.555474181855
0.71533645792
0.305290573479
0.858979491262
0.0865814587744
1.0
0.680923200274
0.390170328094
0.696617431166
0.490487716667
0.443642712235
0.854685691654
0.754328634906
0.415165371375
0.796120083495
0.795816981818
0.399025897246
0.766619989097
0.925538793934
0.0569550989707
0.53646111903
0.759409539441
0.776527957727
0.639277333367
0.225862878711
0.898021537034
0.859788059594
0.72394223839
0.884506744832
0.372014400942
0.768659464632
0.887623355809
0.307497300433
0.566457481915
0.868126860659
0.771761660828
0.73400602599
0.754284419414
0.49577871878
0.13807857198
0.774548778184
0.378577705427
0.342481088612
0.875
0.889482559142
0.705166098288
0.632988068266
0.314704952644
0.734439251853
0.555529727581
0.463034980804
0.939021930485
0.745782504872
0.776265316932
0.509095200675
0.522905677959
0.836379477661
0.300321002255
0.321071679805
0.707043983351
0.854241013869
0.953525590223
0.891049033112
0.759707752716
0.739126877291
0.582636067945
0.343443947718
0.723409071819
0.21917115573
0.754910879133
0.725457518503
0.0326563616253
0.802035271572
0.865856121929
0.659479943013
0.724497000543
0.67143038006
0.215348708468
1.0
0.822604808978
0.460314842351
0.727435841674
0.568261406181
0.639609077288
0.722474693157
0.688709117363
0.672485221196
0.536558011967
0.879550321252
0.908183654925
0.365624221896
0.9319423017
0.850678423857
0.595380916777
0.561282203468
0.877877095003
0.523363960716
0.883582878492
0.514292401418
0.747313867617
0.389078799024
0.69023107155
0.598302511034
0.791170048765
0.885229568656
0.416535873352
1.0
0.530742404157
0.102249267813
0.873106110535
0.624031780944
0.533773902943
0.875258251538
0.46329830309
0.335894688665
0.107071615006
0.774839246883
0.709307322952
0.67002125469
0.475882958947
0.806597765885
0.750595390618
0.832916006402
0.361984314384
0.638431612075
0.749063517746
0.559540453884
0.331945100218
0.535539025161
0.765517305674
0.546503712314
0.47115255555
0.330979512793
0.790075993183
0.922882699839
0.6207412992
0.9319423017
0.59345747476
0.864710410827
0.734796415005
0.731464877245
0.186679983475
0.761332285129
0.778699376544
0.946967235141
0.947733083273
0.852542396146
0.783008939198
0.806550766589
0.726067110049
0.786237809675
0.670289393477
1.0
0.502818447951
0.626464809822
0.110001358941
0.702885624524
0.852566763872
0.658639084886
0.659460312653
0.0536149485332
0.712981707608
0.881940648398
0.389305798114
0.0513762801497
0.671833156797
0.762612900625
0.551002385639
0.510888104852
0.703322857696
0.657349722213
0.685717023734
0.9319423017
1.0
0.499909356173
0.933321672945
0.9319423017
0.545213514599
0.83975337065
0.099291777732
0.827503935974
1.0
0.726439239087
0.469990150407
0.772014011847
0.170097105753
0.921904780122
0.889333048042
0.588912920059
0.105212879854
0.953890845505
0.0784086503964
0.398082076588
0.85881712458
0.908183654925
0.704758863825
0.541977321319
0.379319938218
0.631636419496
0.666844079079
0.403813522258
0.839302105355
0.703449548105
0.916192468302
0.126863308953
0.310462316435
0.762001671263
0.0588747578938
0.822064616712
0.989654646101
0.844671867893
0.609588746639
0.520669442146
0.15268421994
0.583819359678
0.91833076204
0.684478096437
0.407374484646
0.794769255319
1.0
0.631669059955
0.400993137228
0.95465275987
0.731800674362
0.741728145006
0.659479943013
0.30278310793
0.80979208997
0.750396763359
0.897742126058
0.705503189014
1.0
0.543017767571
0.767330959717
0.860573620488
0.897687583535
0.466262468101
0.9319423017
0.40476321207
0.829805586245
0.836652909013
0.594767600384
0.700917036481
0.702885624524
0.744954660211
0.678328264319
0.376338003671
0.682891827593
0.630921955881
0.829219298788
0.523184465637
0.875734978831
0.655867281084
0.57592283358
0.920096691675
0.0541283092948
0.521913464008
0.597120142984
0.313338846155
0.726968751208
0.587854221156
0.223002330408
0.53961448845
0.370887692883
0.851710791446
0.346245167997
0.701700849647
0.729336094868
0.854685691654
0.177857612817
0.776017635786
0.654161773841
0.353505666493
0.517442479874
0.316174743358
0.177256133755
0.594386168371
0.310576191486
0.674010351969
0.43193039371
0.540696352665
0.826255596928
0.810947675693
0.626464809822
0.369116124044
0.501944232867
0.310045537574
0.789322516618
0.591545872733
0.861953007882
0.879550321252
0.697193304876
0.577114758695
0.430066778044
0.381391212787
0.841512966905
0.62287864659
0.95873765537
0.490321908552
0.611763281431
0.864399197169
0.294125661286
0.455313726451
0.657307624281
0.138545687723
0.578145094231
0.826116045414
0.937263804491
0.661377152996
0.609218732713
0.0760402186443
0.629801365703
0.404439642659
0.624201125434
0.697030503288
0.866169016845
0.835470098252
0.771761660828
0.374060182652
0.838814440991
0.674474675496
0.663724086858
0.203506565515
0.841628818735
0.851946198873
0.360147793106
0.742296996684
0.412795006297
0.453916492662
0.669349186995
0.535530322483
0.63618289308
0.631062479256
0.68888682994
0.843589409192
0.7538227582
0.44127790875
0.473801812916
0.45066739798
0.354942030664
0.553463337818
0.9319423017
0.920011076396
0.719326138989
0.952635382489
0.767964974422
0.841628818735
0.750324165569
0.895475360034
0.759707752716
0.170097105753
0.271023323484
0.621762687721
0.527108713277
0.578797650385
0.316586297884
0.666890276655
0.582187881599
0.789458191404
0.792302098882
0.90764600328
0.735328177115
0.192626731154
0.477315538853
0.552035271572
0.086259032951
0.908183654925
0.855746945732
0.617527016678
0.849867205132
0.284013530275
0.554416347733
0.660901185581
0.241192414546
0.0583564196027
0.600850618275
0.762272515199
0.595950259199
0.334652071021
0.458543969205
0.182887290518
0.596369716321
0.938327208036
0.790075993183
0.989654646101
0.964000078768
0.0951592412466
0.776121175556
0.106191677565
0.61923143326
0.667415854916
0.915099932584
0.872984053231
0.9319423017
0.435270090874
0.523954971219
0.618868274453
0.291434088097
1.0
0.859579901283
0.0957271455784
0.773894107164
0.712347792306
0.883582878492
0.655817093386
0.672996581383
0.491709284522
0.530553522302
0.596215700724
0.592340354072
0.768917627692
0.920096691675
0.0969057686143
0.793816261995
0.736011996177
0.623064664282
0.393532503191
0.438275721722
0.947099652373
0.885609675496
0.823426163651
0.335781070534
0.676572610874
0.491031453405
0.608714859841
0.810327879715
0.436688205325
0.855017341776
0.715229588713
0.0541077443021
0.796075043173
0.3709294805
0.354408704756
0.693350149684
0.791726169944
0.9057555799
0.097043415567
0.91833076204
0.468897359101
0.727623992588
0.434204260939
0.71628641531
0.615060447841
0.270666630493
0.381822053551
0.749429820912
0.584921937953
0.695437830457
0.304633772777
0.596009137652
0.726401222846
0.316697700123
0.90021389585
0.674083233236
0.32214014644
0.337710628909
0.311927199348
0.422399582492
0.593553309923
0.954990694699
0.843028170394
0.465804890727
0.836177363853
0.639206412149
0.833333333333
0.681586626079
0.379705329985
0.0709027619513
0.559827443291
0.707259884995
0.432561421011
0.363945604331
0.536302432149
0.444287412081
0.776527957727
0.248198862526
0.915304777092
0.599503991009
0.904116030009
0.338240602185
0.623321661344
0.76997059451
0.588432070874
0.862951337744
0.9319423017
0.765496066731
0.775499338239
0.864941173886
0.14079708744
0.760810204997
0.73873142769
0.9319423017
0.735254986762
0.322322952582
0.832158210147
0.428995333831
0.837645430638
0.104577859023
0.947733083273
0.438300486884
0.716111416718
1.0
0.326499743093
0.905832663773
0.744441328069
0.578172814839
0.571985998465
0.859197643006
1.0
0.49080120297
0.310202244206
1.0
0.351053690103
0.772014011847
0.747141628511
0.66346688547
0.720458160055
0.94850110026
0.820770415891
0.822656489235
0.62707800703
0.449209739552
0.765531458741
0.738895837214
0.128404383596
0.871871412654
0.759412564529
0.714168513458
0.57234711319
0.139681666019
0.59330751397
0.816125038427
0.775168234955
0.537494056381
0.633352876724
0.816468380946
0.992042035462
0.657884161289
0.702596664733
0.784989145569
0.182887290518
0.10464053167
0.105655962444
0.614142394633
0.853906847424
0.686428254417
0.227886488608
0.833333333333
0.517238760565
0.769596985043
0.855017341776
0.877367033012
0.829219298788
0.28243354535
0.9319423017
0.9319423017
0.117982216635
0.419427325773
0.53615410673
0.485851108083
1.0
0.942130893185
0.71673175784
0.76644769504
0.717099689911
0.694819906017
0.587524532227
0.333623353667
0.779362603265
0.326303838313
0.690388159834
0.678911141424
0.485259233426
0.64763230554
0.947733083273
0.625156641045
0.989654646101
0.766930691851
0.920011076396
1.0
0.665005421694
0.929630140255
0.419200566504
0.829219298788
0.727967820064
0.931648169801
0.385381056133
0.9319423017
0.401504940926
0.823050875374
0.690467551868
0.113110641217
0.549611725032
0.590886616407
0.174086585832
0.555208934078
0.540858076409
0.825824955094
0.9057555799
0.692801494686
0.595447076161
0.675667980505
0.603313781682
1.0
0.686450614558
0.486527284071
0.639496157117
0.648212296368
0.810373116756
0.911392788121
0.534753019752
0.390113472787
0.320126018943
0.734441834107
0.947733083273
0.142037733289
0.365068725004
0.913039249235
0.388731276557
0.674238181418
1.0
0.744380383188
0.825184806746
0.148014974784
0.353145484852
0.859331351496
0.703851632854
0.912263256661
0.64640141976
0.586220954989
0.779362603265
0.769805104406
0.0961811781174
0.338322608026
0.580899606069
0.716631948865
0.322772668714
0.703851632854
0.835357454052
0.648827758879
0.717606241695
0.778699376544
0.675517910519
0.368356345181
0.750847661274
0.391367726107
0.780219045405
0.608278529994
0.692911975513
0.0739667598941
0.669286938234
0.384486352959
0.629048712742
0.810373116756
0.464112944919
0.734179332937
0.59345747476
0.309259555964
0.491437076127
0.753873361177
0.22901765
0.0834591732794
0.64916042342
0.823018368341
0.906877044733
0.947733083273
0.519749617346
0.719401796286
0.921579755614
0.905322674548
0.487214420224
0.295735593634
0.148880106749
0.787050155798
0.365068725004
0.633093117913
0.453049478819
0.545053094528
1.0
0.809475047527
0.9319423017
0.412745524568
0.135085589314
0.692703091442
0.833333333333
0.653609979733
0.686373186544
0.545476685116
0.708852098622
0.3280643034
0.829482057286
0.744954660211
0.829724363445
1.0
0.631062479256
1.0
0.420741557793
0.532825990272
0.767945112663
0.49703995395
0.267946335435
1.0
0.301770676707
0.574707190872
0.86066408188
0.293253661198
0.396884497499
0.583485122395
0.613945036097
0.43844855535
0.354907993637
0.650125306023
0.604831013065
0.667175587135
0.671344411938
0.817705946916
0.37353965932
0.628898268828
0.639663194945
0.813650353331
0.295839123115
0.825824955094
0.290111802443
0.478748991843
0.563823096972
0.76521173535
0.702885624524
0.934920650102
0.701460895433
0.371220260383
0.998010508865
0.719569326933
0.172867518824
0.806972728426
0.640253032022
0.570534378391
0.677445720932
0.488652258621
0.562704628772
0.394866910471
0.820770415891
0.102229934967
0.692401621422
0.563162237335
0.629483679541
0.361160600198
0.109702598574
0.717864646986
0.307797110418
0.859033006882
0.913589916907
0.693513789162
0.845751523686
0.81561726515
0.149324161954
0.455356228758
0.143959366224
0.702885624524
0.651444867891
0.889249539455
0.9319423017
0.681999844656
0.667879814514
0.444679787852
0.337389407339
0.716550097631
0.840760742466
0.648212296368
0.587854221156
0.638625093188
0.867599036328
0.93482643263
0.860573620488
0.626404841751
0.789974990452
0.365719290319
0.838856727919
0.75886257959
0.649472979853
0.625381998737
0.0597115679528
0.421906814331
0.796075043173
0.685127357559
0.0719229349404
0.5061219421
0.822065778799
0.767975267894
0.730125859775
0.885024405235
0.859579901283
0.505819397588
0.0
0.761264877455
0.579561209574
0.31941137718
0.855017341776
0.213106944904
0.327796275762
0.950846613044
0.513264002671
0.732629532005
0.917137358623
0.407516946591
0.731334411938
0.322020186608
0.789458191404
0.725082911183
0.477953889862
0.521578436266
0.498827351919
0.771761660828
0.121562219595
0.496897406942
0.634774679166
0.679266117331
0.578324914735
0.326597230452
0.794367610568
0.743748733363
0.921904780122
0.566643817416
0.436741987262
0.583886619968
0.794660069046
0.365623815455
0.771251890969
0.9319423017
0.177598522903
0.44821362169
0.825788513979
0.598002737788
0.77208997412
0.635169097111
0.790475404079
0.590608246906
0.90303697795
0.779362603265
0.375015971807
0.742041019576
0.604248578659
0.654447208055
0.607282155268
0.832916006402
0.836616159867
0.390170328094
0.476512269568
0.673256008119
0.349188235686
0.540733949196
0.770459137313
0.57837724519
0.64229263064
0.439563523366
0.715340274522
0.479233082058
0.39753879324
0.613832060445
0.719726108645
0.68484474638
0.46591405646
0.381017986487
0.661342119643
0.336428376384
0.409276582381
1.0
0.734633776912
0.849378449895
0.467982067934
0.784926648168
0.141710440192
0.880742842173
0.702177617702
0.931438065482
0.775250664937
0.844711030125
0.968906764596
0.279326386369
0.604399552991
0.662794583191
0.0982825999492
0.362719608171
0.265570529702
0.347623904892
0.9319423017
0.538673780226
0.490542931017
0.821235920187
0.933773730823
0.0685230427349
0.407922659001
0.707309171407
0.520165467218
0.750938683561
0.542881087466
0.771761660828
0.772396648827
0.876266782108
0.417016412121
0.913427996116
0.351594408615
0.367460813041
0.523187211656
0.718668315194
0.859033006882
0.774484905583
0.809144858368
0.767583936623
0.829106312273
1.0
0.768917627692
0.778010919205
0.852584631473
0.559283792508
0.842462704401
0.790866174481
0.358507022768
0.486051914507
0.430868985151
0.491789518194
0.538624778829
0.874578611424
1.0
0.952701061391
0.61502813404
0.723608538861
0.883582878492
0.551010668647
0.809408508851
0.783856370469
0.57592283358
0.95545386843
0.756205733538
0.609785350752
0.099390589152
0.76521173535
0.301207664753
0.814342098686
0.429931015624
0.615899621027
0.73722642507
0.931699715049
0.853906847424
0.463576886121
0.836177363853
0.719286133027
0.396485613024
0.677367290883
0.910755609536
0.607213930384
0.9319423017
0.791853895418
0.102620758737
0.0762521953727
0.68630800463
0.891987396134
0.585196793776
0.71979476287
0.715398792659
0.358985505047
0.755667656792
0.5647267448
0.989654646101
0.767330959717
0.736098974878
1.0
0.286357672549
0.592768392
0.836177363853
0.633417088728
0.656857296224
0.459462382105
0.677105586853
0.657410858049
0.722753937893
0.808024664499
0.261249859641
0.778797484845
0.432609949962
0.656436914723
0.746449792326
0.702885624524
0.585464878189
0.425667864561
0.833333333333
0.924446997659
0.830188954367
0.570634517232
0.548256345408
0.0612894116025
0.691906587703
0.529911620354
0.464434977857
0.488605810311
0.787673365092
0.509473452038
0.724629951866
0.920605491668
0.31769022428
0.540942083704
0.0859552048608
0.658813435715
0.159700493492
0.0592158409753
0.808413373526
0.760870973322
0.86093588958
0.665453635547
0.347232451727
0.529976181837
0.679697850105
0.321872067585
0.429809111269
0.657205764813
0.716780239113
0.290433329992
0.462257645266
0.637000940689
0.587371219979
0.68724097185
0.254552621888
0.638685425204
0.721543817309
0.409377418115
0.404462335382
0.92190429148
0.597544284054
0.908710040683
0.829219298788
0.592784082511
0.759707752716
0.482488936334
0.867461631878
0.463928459772
0.608233347587
0.640226136776
0.580951528726
0.834949593645
0.681156145685
0.420333580786
0.425690372955
0.0763965794192
0.462448581721
0.294138851772
1.0
0.322480628764
0.79566157972
0.697880764832
0.81345874242
0.202727407637
0.915162705698
0.335894688665
0.975125411677
0.788480472308
0.83250207393
0.372915209989
0.435989194123
0.424615214738
0.636078913924
0.348058573967
0.442709583464
0.855017341776
0.9319423017
0.391667287111
0.471732505733
0.754318456399
0.9319423017
0.889333048042
0.627901093208
0.793184541971
0.61837324091
0.916192468302
0.435182127571
0.704413011498
0.426013515813
0.344864456178
0.336023374209
0.452333095602
0.581750751975
0.849021194884
0.772396648827
0.399809325678
0.869922677589
0.564701338195
0.166164689795
0.579579819477
0.379705329985
0.85881712458
0.709212797573
0.312956966133
0.431928528777
0.429715713783
0.666449805659
0.814317020129
0.801733072516
0.361120773918
0.832534185585
0.805508205889
0.416666666667
0.913495179468
0.594801668263
0.0591532746335
0.738814357554
0.686376940899
0.70270844435
0.816847782022
0.970973775946
0.767710911695
0.401587984309
0.462786370792
0.862912247524
0.771761660828
0.761956896149
0.85076938197
0.35034950695
0.359647390776
0.134557025021
0.626464809822
0.872016088136
0.547531321628
0.136765153358
0.761554514121
0.408821520289
0.655521926637
0.697694341016
0.558964222369
0.932415964128
0.905723324387
0.391703371957
0.982232436912
0.998010508865
0.142840019154
0.42103127318
0.725077718105
0.828666276056
0.537111704779
0.0643358547734
0.841512966905
0.180635699568
0.834949593645
1.0
0.724147997304
0.934920650102
0.78325224785
1.0
0.721905082376
0.613832060445
0.823141624819
0.523968130034
0.348662406169
0.9319423017
0.118384510248
0.433580620059
0.97605683857
0.829219298788
0.649298245623
0.390170328094
0.9319423017
0.102173114351
0.774167587828
0.53350847348
0.588415430795
0.363403977842
0.75
0.068613493564
0.920096691675
0.655816363838
0.692703091442
0.72246144212
0.71979476287
0.72246144212
0.820523614884
0.258745900227
0.9319423017
0.598302511034
0.551092801612
0.619015323038
0.788594400222
0.550109514541
0.782788932849
0.815609869395
0.9319423017
0.828007639561
0.553443866948
0.361160600198
0.989654646101
0.883582878492
0.502956056721
0.586659052283
0.732659516493
0.897687583535
0.404076613672
0.379045848357
0.696010586096
0.431165480787
0.378935394444
0.57271196042
0.365623815455
0.868595001383
0.396772351635
0.479513393843
0.552748070636
0.111473764542
0.453465153065
0.704066450565
0.879550321252
0.871294398018
0.92151061595
0.162014295336
0.850237309955
0.4235644157
0.679156373608
0.376485596292
0.365069765939
0.619625457294
0.696353780199
0.923469143781
0.645715597127
0.498876419309
0.296802867477
0.775454480273
0.366232890683
0.905322674548
0.713203059706
0.0806728584555
0.334500580188
0.617339428508
0.656171927403
0.772665621536
0.794603694243
0.950336241448
0.62528404813
0.800433328615
0.1624118067
0.669070475928
0.437772283058
0.634019074771
0.377906080627
0.67647019421
0.934920650102
0.337617909284
0.764372532088
0.840760742466
0.389625362335
0.68171163134
0.0977568952351
0.9319423017
0.284630350353
0.561413728884
0.340001209954
0.771879664106
0.729860150101
0.783196576172
0.913495179468
0.633139246118
0.942850362252
0.947733083273
0.692428575525
0.968906764596
0.334146667336
0.781064179356
0.365623815455
0.656150464815
0.747375773566
0.632762134249
0.881803156353
0.386480838665
0.78328806331
0.641852442786
0.677001262858
0.814867220449
0.860573620488
0.774318680502
0.355759872895
0.834590355475
0.817814202188
0.658637457843
0.0925663538571
0.362191626495
0.576874361685
0.27413096897
0.767964974422
1.0
0.471734888256
0.787673365092
0.744954660211
0.871599942098
0.458824699371
0.701739926964
0.240724460679
0.408618058301
0.113825399987
0.832534185585
0.921904780122
0.514085737231
0.829219298788
0.315399229507
0.686373186544
0.947733083273
0.872016088136
0.592059164765
0.36513057832
0.631768518746
0.916192468302
0.879550321252
0.843550487091
0.779362603265
0.932415964128
0.783698778273
0.839631470444
0.71979476287
0.575015594876
0.397215983378
0.0696599576525
0.780311577064
0.0888300631047
0.828609943317
0.920011076396
0.344041489826
0.626464809822
0.463034980804
0.761518999346
0.551725131748
0.381323118203
0.369556602388
0.62707800703
0.709925608914
0.282981010703
0.622806622869
0.624201125434
0.753502796072
0.541582204095
0.582713034441
0.497967301496
0.318973548028
0.540733949196
0.530742404157
0.611544487086
0.671325030186
0.455136498852
0.613582725802
0.256432543718
0.602299798019
0.848136439081
0.571496869486
0.790027875838
0.395167491813
0.89647191015
0.772902039062
0.661247204442
0.796075043173
0.824102659859
0.905322674548
0.520016285935
0.780219045405
0.0348857929942
