0.808635181156
0.236527069006
0.342032278611
0.804626311729
0.432091165121
0.725787161387
0.848824312186
0.874204500157
0.820431560322
0.639034849733
0.862598648855
0.482537705464
0.861985987236
0.155899681692
0.800832790293
0.937577166988
0.842046726091
0.277223885684
0.852530252246
0.629117832514
0.667411992549
0.779371852317
0.770399758044
0.763807026367
0.522522707902
0.767353854614
1.0
0.183052161003
0.462693181388
0.843297317884
0.649810524128
0.787766336397
0.391982279714
0.530012460636
0.9
0.800281482712
0.532289466495
0.2764644405
0.385081915415
0.759130491771
0.477683403399
0.549534783833
0.882111087752
0.647283215185
0.794588750702
0.408556901409
0.230125655592
0.341822358356
0.952305642388
0.569040797416
0.7969150753
0.50542638372
0.766747282408
0.625181179749
0.728779866825
0.17861865488
0.888166661029
0.738146349183
0.81971015065
0.651175044646
0.648079313622
0.929898646388
0.884412904513
0.861517582997
0.648727692403
0.430893395934
0.978292051714
0.767743155792
0.687396014209
0.749840915312
0.745479617711
0.884518835091
0.829567858879
0.562430285654
0.598168245006
0.89148429233
0.800533419269
0.803805358113
0.383975057309
0.883894845628
0.439552857828
0.674747525703
0.924898733316
0.279495421768
0.506037784632
0.49880879055
0.822357451103
0.9288876707
0.340810706679
0.596790103805
0.306902488787
0.742511824063
0.660814585151
0.595466632312
0.475159131682
0.539838920797
0.742257096486
0.88583759097
0.791512111466
0.84705347342
0.641995456494
1.0
0.619580421616
0.808930404467
0.361714051135
0.876867740346
0.840892041085
0.401697276128
0.686485737931
0.634001467288
0.817590822937
0.832828865058
0.852737308655
0.703674752658
0.809115648966
0.634277785778
0.714349562275
0.712439344906
0.828808259353
0.35522050732
0.773681263868
0.611902813909
0.74219044289
0.478169285163
0.191586023058
0.843132167174
0.592898023982
0.624574870009
0.702779003726
0.734275211952
0.737485150817
0.740102408107
0.705231278261
0.282144207477
0.63193130992
0.625549590691
0.882096716652
0.660524469583
0.152144203557
0.589391690775
0.258400145475
0.33737877996
0.44827514403
0.811659807481
0.555160377486
0.604483749528
0.45696261928
0.699864264891
0.75303601406
0.699643001298
0.433079308053
0.774938756221
0.924352745496
0.595983430955
0.927991309369
0.683502915191
0.759770794946
0.176744671823
0.602257387928
0.155663509117
0.817822140041
0.79834576981
0.740969131266
0.781048213532
0.134568868923
0.581405662603
0.888306328456
0.697263743338
0.772144048547
0.958943993479
0.700999289087
0.384955910372
0.362730848356
0.657338028872
0.484981888448
0.563627503052
0.76583025391
0.644324389667
0.392781405958
0.881487306077
0.821609501453
0.737930467446
0.663224198605
0.814475856209
0.792391772605
0.523603634078
0.477733761942
0.847959601264
0.652592075303
0.767160732479
0.766450847807
0.716887673874
0.579761638277
0.758237923818
0.118262265903
0.776514831646
0.264770391104
0.583647539065
0.598383566308
0.172695851141
0.828989976423
0.486035340476
0.247761854759
0.938390079995
0.408212494659
0.913857055524
0.621313465097
0.703499339539
0.544318888036
0.513868234892
0.516609605948
0.791261570374
0.674938192002
0.561463946834
0.828232049002
0.553631549918
0.779546888403
0.775581950795
0.848936762043
0.516873545532
0.901861860865
0.650427366428
0.549606833233
0.282300908992
0.704247581144
0.920697871158
0.719237875375
0.913684838732
0.505086205464
0.441558744708
0.799541423476
0.800098462347
0.579318440272
0.244583369255
0.907046548507
0.548632646026
0.529208370122
0.37597010802
0.853617026088
0.817629400867
0.540868368309
0.788183299289
0.357006768043
0.554261173406
1.0
0.162555681223
0.645711391702
0.903590320953
0.928459882913
0.738470000084
0.795627099844
0.463475553082
0.710614515288
0.376317204512
0.310104004464
1.0
0.327112051595
0.518348127187
0.524818905156
0.420912505357
0.987172032404
0.851968740046
0.538493754315
0.709479717853
0.863932825473
0.711083107478
0.56230900457
0.487915208883
0.781393190826
0.628059546271
0.785626267077
0.502176722181
0.801868759722
0.714283243501
0.579959533858
0.830667651592
0.713274478819
0.692012558908
0.592736158402
0.398811491641
0.874769043082
0.0684124283642
0.465808904128
0.666666666667
0.642742226722
0.731208696011
0.365519024035
0.867218569977
0.463124146587
0.769972856397
0.792313574977
0.846426353644
0.678015869942
0.366639955935
0.772201905239
0.752394340898
0.588364338288
0.795025328714
0.213708859236
0.763195444876
0.868608950645
0.717429878479
0.81082077297
0.504300613401
0.909257141554
0.581755929787
0.920392520497
0.69842510179
0.759629689598
0.828063430992
0.906989926947
0.301262559433
0.90308608708
0.775491976147
0.63751764906
0.468460188723
0.624906837373
0.783852292905
0.503678141899
0.852140382715
0.305688490239
0.255972842495
0.907433758052
1.0
0.243031924958
0.847394099014
0.773326911698
0.801193676095
0.333826669741
0.76766866404
0.621755549294
0.248486315752
0.760144671536
0.608677593466
0.701558943634
0.823815741207
0.896280113467
0.442272990146
0.874111313698
0.510463521144
0.916666666667
0.55554775055
1.0
0.699080216329
0.417427982821
0.656664454623
0.560227831601
0.76370562556
0.857191606085
0.760040333135
0.8323718294
0.544749935885
0.899142845238
0.242479866152
0.889906277044
0.751089058389
0.601742377853
0.949518837801
0.714155802888
0.828872716167
0.688610492547
0.726849093958
0.49571033378
0.676368967035
0.707652735982
0.714230467116
0.442960002666
0.515516479675
0.0869593340215
0.568037910136
0.256583820397
0.772222976418
0.317189184193
0.583012358661
0.746201691654
0.582746851625
0.888176585668
0.623531018961
0.556464973138
0.432521357945
0.987451393819
0.531381419613
0.930331935779
0.59499809703
0.257484345745
0.67693539666
0.469930928122
0.657023478404
0.737069586038
0.674316570555
0.323166048846
0.722821332884
0.722937005404
0.684729251583
0.502315538234
0.465927699401
0.5570770484
0.648021009711
0.839712889139
0.878366835725
0.814954820866
0.179428486824
0.463795833701
0.945993482027
0.687407732321
0.916734785711
0.65282130532
0.769149921362
0.723995553911
0.444428657912
0.311835309059
0.910113844997
0.822134089258
0.655165227487
0.647818794231
0.38419733027
0.29279768229
0.61147628294
0.596713886406
0.24404734199
0.701197417757
0.713146872756
0.550719007857
0.101210401653
0.479983167399
0.686413705632
0.689323779065
0.912605471942
0.735113151468
0.907992140368
0.747143126227
0.540920442983
0.624586425499
0.276810798034
0.373493835795
0.330954905542
0.684485201461
0.648051278846
0.817885536843
0.637004105094
0.119244896144
0.699635941311
0.878766412105
0.813671843014
0.856413142167
0.752924325299
0.7398876269
0.261220113775
0.934401026055
0.301551693149
0.809728872671
0.554554532335
0.835895392897
0.199786469452
0.434792804473
0.674625683188
0.437885111364
0.768633635907
0.291761978573
0.775463748966
0.710748180578
0.683604498577
0.77041233915
0.572426461652
0.430494462257
0.21359000863
0.782340871094
0.691921719961
0.771008202586
0.921491189973
0.23744884462
0.162830472373
0.915554504208
0.444260665766
0.767030871058
0.560361376577
0.510865292487
0.423373430945
0.666451451578
0.826946096436
0.774515397887
0.91748036387
0.559392164996
0.616557151205
0.48559403877
0.60289320927
0.410977688391
0.812032010192
0.265632473305
0.548294177219
0.493372725698
0.667738509344
0.280744918739
0.612247660184
0.747158336748
0.488586766173
0.501235113112
0.440666235826
0.121255530931
0.898200485518
0.560324509547
0.788336043032
0.853788937393
0.865532419217
0.276897961686
0.877203466179
0.563288908247
0.859885587905
0.672170437969
0.632350483321
0.574689421237
0.823173580771
0.625164953923
0.578228425084
0.766789814399
0.42655111523
0.682925271738
0.747634002034
0.575099000073
0.746310479117
0.898568674161
0.663990056848
1.0
0.515337315716
0.607020293578
0.448939763441
0.63668468113
0.437328232834
0.680198574392
0.887187728959
0.76500771599
0.662962576949
0.613817749211
0.742179665414
0.703775104391
0.466732079578
0.909257141554
0.632003438451
0.833891303921
0.821529015645
0.0524757199062
0.58639081184
1.0
0.910645062765
0.59911748629
0.51449361743
0.777988668981
0.902042680884
0.413243637734
0.380425101441
0.606810147671
0.522317969641
0.543019617337
0.741186013102
0.843357313877
0.677829536711
0.190007974898
0.14987902032
0.472745772057
0.700709968813
0.758892173052
0.733267829603
0.159309404135
0.770353317533
0.923877689609
0.610713932454
0.629086512311
0.744471899989
0.804312973553
0.0930496316255
0.520304304816
0.804899580081
0.122644787374
0.359293106836
0.432661563342
0.606168528285
0.734803477411
0.752558493016
0.830924678881
0.800077802626
0.348097574048
0.721095086496
0.306609374241
0.534105725401
0.576657324844
0.602488821283
0.701148971127
0.67348290916
0.534299683925
0.712092922682
0.829725240865
0.323279143443
0.47796542177
0.16927238329
0.76315986086
0.836002565137
0.715867052637
0.615824038802
0.920697871158
0.604105051856
0.499051364309
0.828459797545
0.888306328456
0.748043076706
0.797032049069
0.771591557272
0.661402472249
0.758058407057
0.699878247848
0.61744803767
0.277458333545
0.708712390599
0.762496080003
0.850182479994
0.8006087209
0.541448263017
0.765047550377
0.817331808928
0.90860499757
0.808295285762
0.645933005242
0.515892666107
0.785422268209
0.679091157893
0.105907265352
0.511957985151
0.451144558834
0.300164193157
0.644029752608
0.49364038396
0.626113753904
0.341944756805
0.70127552713
0.84050184716
0.624614542123
0.816057494067
0.632540548235
0.0684797669224
0.750163384095
0.48863056538
0.717357194227
0.205868335132
0.88702926262
0.446530076403
0.829921739663
0.519156853054
0.438252216517
0.7005141793
0.498332609471
0.794724756372
0.52271154753
0.682196350547
0.629665426204
0.220817308819
0.897176337063
0.803951798719
0.918118542395
0.841555189933
0.707933032158
0.560539098518
0.455116703763
0.485269276854
0.846159069919
0.683513687412
0.609667915407
0.224883316383
0.459757586763
0.622054540051
0.446174604176
0.509655704679
0.550034331508
0.70194203561
0.558425022342
0.77129364196
0.642938917598
0.453308539141
0.13703461043
0.821420451283
0.829974278834
0.504403253969
0.295975752907
0.487370760578
0.690787935221
0.809832754776
0.710577368843
0.559168711618
0.369662667557
0.875943817826
0.872412395438
0.595503560284
0.592714712973
1.0
0.484878552688
0.34990495977
0.645725587998
0.402798115206
0.815221583699
0.515807236402
0.771727144958
0.346139955036
0.681042962145
0.774725953423
0.861490831601
0.710450490128
1.0
0.559839555994
0.438936168842
0.372415624378
0.845483251237
0.338472705928
0.730724950034
0.648161201793
0.59013448742
0.27945871352
0.806188414549
0.783173616726
0.42923065504
0.732918042458
0.135339670045
0.592406925243
0.690058387873
0.904978449965
0.187937839281
0.471912118648
0.851501962406
0.463048383339
0.732762904514
0.661857812554
1.0
0.626508712781
0.432719463397
0.905295365657
0.476608929281
0.790674108105
0.791044959941
0.768637435472
0.411262312875
0.656641804593
0.72486165278
0.765549325514
0.637764892983
0.672788896196
0.625665340665
0.544572266582
0.249544058538
0.613535625281
0.739557770823
0.069409796079
0.332750443704
0.47687556671
0.229752173241
0.910541268534
0.891375933981
0.62048910886
0.472846174521
0.686471395708
0.652797050815
0.956794785622
0.666289568913
1.0
0.659367394619
0.906930065849
0.831332243762
0.597491563236
0.407767648213
0.752058309875
0.565297157438
0.614830769707
0.191995713283
0.793047365106
0.801469072376
0.716044896811
0.69643639089
0.280280195129
0.723991335478
0.607998044348
0.669194733752
0.680479897215
0.698906841403
0.425675713814
0.799069310153
0.304405959911
0.338921449447
0.771728891846
0.425644020688
0.723794968787
0.801742676715
0.139141718921
0.391801837802
0.916572290407
0.787466062434
0.459352727963
0.754889126047
0.671207568073
0.560596087737
0.443670462407
0.377295157653
0.0863125518352
0.730734089405
0.150762193565
0.906874189582
0.557054149746
0.84826947192
0.805663721325
0.84998969998
0.463779718221
0.672073848195
0.435444257098
0.544288897706
0.57213355064
0.492829953084
0.702598309088
0.571672995019
0.580150503368
0.691437564588
0.830971032696
0.581391136591
0.66687077224
0.728881172923
0.814987658603
0.542593041822
0.725583776877
0.759727920003
0.268376800656
0.874204106726
0.536044771914
0.771591557272
0.4264863267
0.321727606717
0.735334716902
0.0895635393949
0.888176585668
0.73275597371
0.429883925668
0.696810036184
0.337166944855
0.0672824724611
0.609972475195
0.480605357267
0.287229929278
0.708578833696
0.548917919474
0.511988637779
0.772103308751
0.711669613333
0.485967770536
0.611092817545
0.888409155689
0.15625923759
0.539155801479
0.546025280626
0.133923424614
0.879590856411
0.672589638589
0.800411597486
0.945993482027
0.207058004017
0.566494317673
0.543038967976
0.590913692688
0.615450162266
0.655712182902
0.402806058931
0.401140431925
0.319511376228
0.820948827709
0.270932965775
0.865307155771
0.28394824423
0.522198577279
0.80728403856
0.740209285171
0.236337963351
0.299115209189
0.77953859796
0.489587954691
0.61831891694
0.800688989243
0.667273289545
0.654853979574
0.591889180994
0.575652296781
0.779237834497
0.369981102693
0.769993533648
0.781843840532
0.651706288115
0.254541288461
0.85163978031
0.680595307889
0.47398055239
0.0719458847314
0.857599924169
0.647134826717
0.804890968318
0.637408736963
0.584679500815
0.928784977698
0.698722292068
0.1793814523
0.928289842046
0.376184065424
0.737728603508
0.809899640499
0.334213127023
0.667530767674
0.763622933233
0.408664798293
0.748269949976
0.41955676883
0.53597068713
0.642689884652
0.650840757075
0.482198604905
0.715442922798
0.71699764857
0.738753329137
0.779285460909
0.530490890887
0.816931396742
0.742785181314
0.548945081459
0.533062697945
0.842379456619
0.786159489889
0.957438876947
0.756914262614
0.166520876359
0.784937519682
0.905485057948
0.201117675545
0.678326576847
0.331799840682
0.455328583487
0.141886878519
0.554078993235
0.683024831221
0.698430486358
0.810903838737
1.0
0.818280022928
0.462652793705
0.759387310244
0.54866983901
0.615376168186
0.349036960426
0.501701616636
0.842379456619
0.533097769285
0.294734441674
0.730522651737
0.807273268353
0.539111689218
0.575546423455
0.25733690796
0.611029036661
0.335236926683
0.792629068439
0.488206710975
0.631966839857
0.729761020229
0.433972581234
0.805973658091
0.538460717379
0.915348256356
0.716997228316
0.377740562278
0.749709132964
0.639302304507
0.659264908214
0.344510927641
0.703406810966
0.642534387142
0.711990878945
0.574057577841
0.798366368311
0.678899216013
0.417335457156
0.342302733983
0.786732557075
0.459666780286
0.945993482027
0.706642542305
0.718294265218
0.246781286926
0.884268722987
0.927991309369
0.599066031392
0.751763124304
0.619412653637
0.72488934052
0.357467073306
0.602036596094
0.279965379502
0.592570744464
0.615631176836
0.815469975269
0.472229500812
0.589251909214
0.75081511386
0.561021658626
0.518502388242
0.511853839392
0.112508373328
0.3690253238
0.710986152431
0.430251416174
0.956794785622
0.678275379065
0.632648157062
0.0886915368107
0.81010607246
0.737355532852
0.576716357488
0.771551628749
0.75954836729
0.664876043371
0.792303585682
0.453608299416
0.937952827819
0.925118639604
0.689532059005
0.768395750635
0.731240912498
0.763777092998
0.764277101531
0.73305845958
0.684623746932
0.882670079957
0.549666726363
0.602123458871
0.585735815742
0.571745640601
0.7749045014
0.592397253034
0.571839780675
0.56220196701
0.11707683728
0.716321292049
0.482463996923
0.914191307986
0.817331808928
0.675217722564
0.663469906204
0.5908675626
0.794681139633
0.512896925633
0.299969500194
0.813905709865
0.796382707564
0.959550669195
0.847312009827
0.571510684813
0.714889831538
0.318207795528
0.253477062385
0.653321647265
0.754376620782
0.768545360955
0.666424315774
0.807933976263
0.744489406068
0.868007103263
0.556876838353
0.388572366876
0.589329041627
0.549369290125
0.890040012741
0.866258799589
0.709097157618
0.477448274671
0.533530086605
0.641412659952
0.404178276357
0.609545960951
0.224599638516
0.7888287376
0.43470008501
0.920642001479
0.270929006002
0.842431656591
0.518247980995
0.843862952715
0.933227899343
0.802502001168
0.835511049949
0.554636715851
0.726669517934
0.407883388668
0.779239282198
0.336080825579
0.0848407634514
0.39924721759
0.370988128619
0.775790083079
0.588527261093
0.102969686968
0.653383955683
0.316374122114
0.739147309491
0.534724652921
0.833333333333
0.538403050253
0.512597829978
0.700189203483
0.210064572593
0.72467404796
0.377437826283
0.608393671737
0.671416301272
0.874427007091
0.735958647753
0.783227725641
0.882878995811
0.453342189187
0.643814657104
0.6630398936
0.676631869508
0.675816005333
0.926393712294
0.628666876573
0.908917469059
0.756014295197
0.582230537589
0.57889873358
0.835139173578
0.730305639812
0.701412399707
0.616639355417
0.768100551721
0.713264593524
0.623852564996
0.883242424024
0.816792435991
0.929477312163
0.169493146748
0.657438663525
0.492815146713
0.589911349055
0.743483212291
0.905754657798
0.605487380264
0.947064440465
0.666555080497
0.652450877982
0.796107423516
0.706519970039
0.864182665208
0.519872144922
0.46233663999
0.7467855233
0.365083147107
0.632233203152
0.282440617095
0.64673465473
0.601607592908
0.59431354856
0.496209014796
0.807922857828
0.377316579106
0.814067894979
0.40051804429
0.76090249134
0.759100242128
0.71465734624
0.69596486667
0.262758984773
0.627383866761
0.286336700245
0.721180130612
0.525348485802
0.92220176034
0.903964302973
0.718418388019
0.714787448321
0.456750579483
0.512961199205
0.777499337959
0.840556517487
0.309390969214
0.706550315157
0.892477654378
0.847132395596
0.314888685945
0.669399365463
0.168758549933
0.911456494656
0.813673194228
0.721843049287
0.817852900556
0.566323880665
0.725272943839
0.480886897936
0.80985025455
0.849624706427
0.590215709632
0.216390296665
0.442846748272
0.839234640464
0.80840791079
0.483484909266
0.603579497049
0.663364448935
0.759937333495
0.820105263598
0.898568674161
0.5664442243
0.739800515227
0.849020010873
0.682956871344
0.798781260917
0.904468205876
0.440154937291
0.552736429892
0.470234043876
0.870315370772
0.596759592729
0.612544238376
0.987172032404
0.690842113713
0.544411919958
0.935516155301
0.186244585625
0.660474289891
0.338903375589
0.696822853951
0.455607713538
0.395650047435
0.757266565273
0.367322581719
0.607198330382
0.392919239139
0.725212111493
0.51865705208
0.496095738662
0.569182147254
0.937859113548
0.657254306929
0.772518576702
0.77349966551
0.664659311878
0.629363330347
0.382541349262
0.70571266534
0.623131750419
0.556959987985
0.104124107193
0.59851712222
0.76690321848
0.30399035874
0.730168378315
0.335421018342
0.56723413126
0.526606550992
0.78529862942
0.374160911115
0.845403931388
0.621671643516
0.916666666667
0.180728766633
0.615527644417
0.799627557894
0.24138874636
0.681127773901
0.36413452082
0.860507181016
0.881006126977
0.833320558774
0.391251525595
0.642812749238
0.630457451577
0.815073172288
0.678969461859
0.322147881714
0.572082760331
0.633743385023
0.564271810649
0.399926571012
0.349087651013
0.458917488646
0.768423907567
0.877200731924
0.869848165384
0.699395996458
0.722530812702
0.812886649906
0.908206745198
0.577543941494
1.0
0.771861376311
0.776903987236
0.625453656579
0.773572232428
0.37873063217
0.599230048558
0.364844545595
0.817604687621
0.719673035701
0.910961508579
0.403500420333
0.217385993697
0.394395036841
0.369836494229
0.754478255171
0.514059562701
0.855123485375
0.7641045691
0.702461888449
0.392188527515
0.484960510714
0.786090895209
0.572538959879
0.738407144152
0.134764620239
0.887723799663
0.734676368905
0.950150153335
0.440776639013
0.544763168896
0.89462241696
0.835823002916
0.824383712163
0.735028105702
0.742941407408
0.6529472234
0.322680644023
0.456533831542
0.943878344542
0.226822342524
0.860818647139
0.76518673932
0.710010953925
0.467638058297
0.614267303587
0.373705333353
0.869613265383
0.668297526783
0.530440160047
0.725088191975
0.731058771008
0.729860988551
0.116428505861
0.625483078901
0.421602750269
0.821531977161
0.503518708893
0.638732817464
0.795735884358
0.341470832951
0.600525344073
0.505459715323
0.228882604648
0.454391808662
0.689541877494
0.855380773709
0.704228503875
0.798459718273
0.232485098034
0.734712407905
0.595391336069
0.851994137808
0.908514247387
0.410453457822
0.357364515071
0.583066273678
0.630419114604
0.650800487791
0.851231091538
0.812060201697
0.613013736402
0.485688620908
0.550041715446
0.678130120472
0.49120784184
0.394086544539
0.797306216128
0.240184167142
0.45748560048
0.76723774844
0.772601330637
0.529736263746
0.78174671056
0.753221658537
0.67952632703
0.312554947529
0.637896641567
0.822978732055
0.539274391593
0.317522500831
0.757559987187
0.756487959776
0.45243651775
0.450683484749
0.707973302495
0.442004978111
0.950156553445
0.876349723241
0.620729142543
0.439805270102
0.934401026055
0.400045146765
0.465837405019
0.729791124313
0.349757845233
0.939784245816
0.737062932499
0.454536310918
0.55945643806
0.67059557359
0.576393872953
0.502489253614
0.50497980127
0.945999361371
0.617041117269
0.772457770913
0.704543586384
0.58168455595
0.838556608235
0.702964189246
0.840890476456
0.775875338486
0.230705292743
0.311799025578
0.761549179443
0.645219557409
0.780269473084
0.379899399482
0.0635922764567
0.408965396139
0.268850413075
0.514360838505
0.774842419773
0.357674624677
0.693518997908
0.845277297795
0.582574040981
0.598405752095
0.670522882212
0.398910250675
0.685620836121
0.928493238635
0.694042154032
0.877868353326
0.296566409715
0.520232917482
0.316407147803
0.725775991783
0.814388079738
0.78631011143
0.372673279226
0.596597043994
0.33244365563
0.545834035688
0.550427318091
0.787759013607
0.689167297833
0.439483542297
0.34009545661
0.290116138531
0.774407999272
0.469723668848
0.824245090029
0.695044293685
0.731402014776
0.882244104891
0.651796855926
0.623349191004
0.717035828755
0.437859611663
0.419154867613
0.357906488358
0.340825173891
0.883321171832
0.563284900428
0.268186274184
0.44359378975
0.765180462274
0.50121654368
0.607386572093
0.683365661697
0.787323229964
0.0365124939435
0.278622666376
0.663114774441
0.119883789083
0.752047439629
0.192990717193
0.685736474426
0.388612621243
0.729366749526
0.657683061305
0.60067506994
0.556877021939
0.75487296402
0.394338198769
0.613596371751
0.807900471222
0.920697871158
0.309242965259
0.628904375324
