0.582482561851
0.130050072242
0.309669781803
0.367130582124
0.192502202123
0.232349941587
0.185372752526
0.321688867872
0.169803345267
0.103194529581
0.178671309414
0.269324926352
0.150298710138
0.257492001082
0.129404429088
0.410662834821
0.194341058276
0.337797238261
0.343693426582
0.198477827941
0.0868966987221
0.0815044487319
0.201847949951
0.164633144011
0.144300513893
0.116707400732
0.0669035694677
0.398441473556
0.156174022009
0.136161309822
0.11096006194
0.341406443873
0.208270091823
0.134203166865
0.202241155647
0.266904747109
0.236665603305
0.176427646024
0.065171673608
0.20843482701
0.0769362880825
0.206218848012
0.133751994591
0.444060217166
0.251530622229
0.230611893043
0.208521856628
0.0938535459166
0.0637456405492
0.252197051481
0.290224905009
0.203186392668
0.18524765582
0.168357095994
0.115920914755
0.0681866744945
0.157488480492
0.0574479002468
0.135352829096
0.156815301007
0.122299370313
0.226711836635
0.24060249083
0.120251159496
0.147285027229
0.158056660406
0.167896069692
0.114907059737
0.106860609487
0.21177799793
0.324875180175
0.347325614599
0.158974942128
0.193927268356
0.274297976247
0.214042659817
0.0974906020807
0.258975381333
0.218353884984
0.112045200404
0.0629872365985
0.316002856729
0.0756372660493
0.0781125110437
0.270425661898
0.140808005693
0.0739952013227
0.307319948658
0.148671152796
0.254936684167
0.10013039799
0.236543985316
0.10928261492
0.0714717403297
0.172769379787
0.191063711414
0.0737560658467
0.123267927202
0.0778682659789
0.103082436475
0.637163621946
0.293590678649
0.414417852476
0.128622674942
0.511836490348
0.642903815876
0.430081487802
0.512544798253
0.440078169472
0.29816611842
0.09388532622
0.52433273187
0.315529827666
0.425029059206
0.220972813658
0.492041454992
0.459298096982
0.350825474563
0.225010853342
0.350992110922
0.121910657148
0.313000889218
0.122596331121
0.0804779995705
0.411269231088
0.109181206433
0.23475600251
0.0969654819923
0.159495920043
0.587290615829
0.131545551623
0.104438885594
0.120087775841
0.259364512833
0.224603906908
0.0887188933021
0.191818748001
0.471809977218
0.272291735166
0.0689492324455
0.275720570828
0.537478238664
0.342429259878
0.195997417848
0.147926767387
0.113128355059
0.177930137859
0.133097134952
0.194596822384
0.252944281243
0.222746956375
0.27922775388
0.0577866906638
0.0896155888939
0.196944484354
0.231994685052
0.0734698761353
0.204789101934
0.124957766399
0.298141614339
0.163461370197
0.151182043419
0.0486087883585
0.0851574570832
0.076527896636
0.324224996303
0.12349601846
0.234302196003
0.158841846919
0.145617685479
0.0568150882235
0.426797211023
0.288524047295
0.200407764609
0.0272809901361
0.101628584014
0.169800289783
0.0718992633707
0.109975811493
0.228529698912
0.133792586411
0.249804071024
0.175170679294
0.293813842958
0.0598675065259
0.06603485832
0.199663637916
0.37249419549
0.238600613019
0.0793379880906
0.141392897216
0.103988000302
0.256260263718
0.185200496784
0.183898326458
0.297381950157
0.213567130568
0.421886132603
0.270042102968
0.170978443049
0.26006972279
0.309975362655
0.477203749781
0.414306323144
0.25927644596
0.256260059465
0.571248132481
0.401191458887
0.377048249058
0.282779719254
0.238564416176
0.23971839721
0.0883136894947
0.163077192981
0.241972277434
0.044848250265
0.135688351314
0.103425685936
0.179710979359
0.191852653633
0.182023547421
0.093094471181
0.14473467523
0.0957201588206
0.0720411567554
0.0439624115208
0.248946095536
0.262533316528
0.153208457318
0.29910119691
0.319908145162
0.18000061315
0.319864703278
0.399587885412
0.131176255935
0.236345747966
0.159351161138
0.138486927619
0.112699878714
0.13316809098
0.116705500201
0.173231111367
0.169565239535
0.312345703248
0.123022136342
0.0824736399926
0.212681296382
0.262784617564
0.111140506482
0.121561515302
0.143203725265
0.116359093599
0.099412969836
0.255300884328
0.232138556675
0.105192189302
0.261152744483
0.17933768295
0.122030109816
0.108059871889
0.0940016643872
0.0950491860775
0.217615785399
0.300434835804
0.220044479333
0.106686629214
0.0592421832327
0.231878194243
0.158585989998
0.112107197989
0.0299159058835
0.141426098163
0.138592229534
0.123414458193
0.0969654160412
0.274069791943
0.0517899090915
0.116901449692
0.261270711796
0.148332237038
0.098249545475
0.140256868583
0.0841871372507
0.186135354268
0.159328656513
0.115132808067
0.247701355606
0.116203497851
0.146815730659
0.106153684234
0.231262951614
0.53961417604
0.300180776057
0.300553018337
0.079656320688
0.198688468759
0.063652632502
0.161561704008
0.218721001433
0.171554270347
0.702160229164
0.554761250132
0.254292554385
0.474071221004
0.175012291611
0.286991322304
0.378263421573
0.354353641243
0.137130483002
0.414484207417
0.306505940797
0.0453396694484
0.432831393726
0.496493510718
0.401041122024
0.409304011882
0.219076976526
0.0444741279218
0.298847659375
0.457291458147
0.239982293925
0.157766675414
0.0764428263551
0.356505788416
0.386766676106
0.234451693972
0.331309869956
0.237838838163
0.282329930191
0.407336530921
0.299949242228
0.197256257262
0.0904369043069
0.300364162003
0.212278471829
0.231116451702
0.209704224013
0.426674215687
0.0995520219789
0.232265550223
0.138121740315
0.283436077665
0.118105437316
0.186616551689
0.288291745595
0.241365830029
0.122875244068
0.213105673129
0.222659785812
0.141620904898
0.262936897212
0.233361344611
0.235159357379
0.187613597238
0.200284650875
0.435033742068
0.102709332334
0.145392034518
0.236501009461
0.0958600751791
0.111817865156
0.269929163579
0.192629883658
0.390154878156
0.251765860645
0.290119423295
0.331699860155
0.213875241695
0.36975696658
0.233572444042
0.176124757446
0.118057782456
0.227454234725
0.119714108621
0.112211552422
0.135393103678
0.193664380172
0.392420013235
0.387181563962
0.114723737586
0.257308284018
0.289993736449
0.0898601045167
0.107114398981
0.146136184302
0.118574132416
0.11258983338
0.0915623266326
0.265864758258
0.150860887785
0.254511408312
0.152429087594
0.235064980667
0.337397605498
0.140715666784
0.179302906842
0.188136254232
0.0821192532152
0.181412007667
0.269711619084
0.371625965481
0.572776208599
0.597091408015
0.126719343571
0.570898864044
0.502702093857
0.335075127817
0.52627455542
0.352201856455
0.284453826019
0.505882417939
0.41747412878
0.062573849418
0.224086904434
0.108420517147
0.315897454275
0.0794740005034
0.350795642202
0.225357924514
0.0917901423035
0.346232805351
0.250915539322
0.524866795675
0.391292209463
0.0781588156781
0.47321697658
0.252880934888
0.356163236566
0.397321940883
0.465274495059
0.132610511114
0.285975125436
0.439561081355
0.493612210735
0.340205566554
0.189816302579
0.198659519709
0.218095662021
0.254866356917
0.1024560709
0.33637610541
0.190949642352
0.328313763353
0.0836017138394
0.16855399176
0.314956829697
0.21749309692
0.105717633865
0.377901767473
0.160448348669
0.0812433157849
0.102789252749
0.354100566226
0.181738401304
0.569353758401
0.0985941165828
0.358558278846
0.0747336827548
0.078752338883
0.216619266744
0.0806919132549
0.274545424366
0.255948116165
0.129940072457
0.260742496529
0.238014470676
0.388059212202
0.294050443398
0.378638958011
0.107584807466
0.258556575425
0.319290602306
0.306112534657
0.207226822867
0.203897032697
0.107929063413
0.32451178977
0.605854639927
0.128922116554
0.0569047159863
0.253916373384
0.0919194987829
0.297484217876
0.397411615168
0.167803997217
0.132139128807
0.127813463366
0.199056022403
0.164232142848
0.13340666571
0.261915672005
0.420478236798
0.0805143612945
0.152598857539
0.311109015436
0.0957814522861
0.385524849852
0.0955186759028
0.1792590342
0.106772581661
0.381189155463
0.59424213122
0.519286763173
0.560226029761
0.34997394905
0.29208633321
0.306524278786
0.406696845596
0.279776427555
0.546000781693
0.0824548568902
0.365252238029
0.233799778966
0.248173398948
0.395400591302
0.0949362717184
0.172915452496
0.254437480835
0.289153363921
0.24965597115
0.250059729048
0.286632094406
0.362623517908
0.558669874431
0.225847974492
0.218562332668
0.208164479443
0.302079419771
0.210362342793
0.0929477468742
0.21053071801
0.370396414723
0.210714672422
0.0921566044113
0.0916773915705
0.263550783721
0.195675905777
0.35764228302
0.130430081596
0.244003053681
0.0921321593422
0.281033171974
0.122742965883
0.145352200161
0.42914241867
0.340533421299
0.0621872664027
0.224454424751
0.0964764339256
0.153153817613
0.0819640005141
0.0955947145885
0.0874261359901
0.0726194173128
0.273402359887
0.12839355524
0.122984541505
0.102763203902
0.105794754704
0.110845388872
0.242287189679
0.192893871799
0.0961126903217
0.167720125032
0.307821028335
0.0619883416697
0.0995346034527
0.16760172663
0.0787514061081
0.325793830396
0.0903115006119
0.143121608751
0.0585134811994
0.1143948183
0.268305185155
0.0561809032705
0.0861162807169
0.26946028944
0.146740607901
0.162549333019
0.207549329542
0.344721355593
0.248292608981
0.12276748044
0.187431578047
0.178714671317
0.223933626549
0.253027639985
0.11736052794
0.206462638045
0.384938133868
0.149630780836
0.148676462465
0.162909783887
0.0858240441563
0.149122763109
0.102155038932
0.160563589796
0.112050920308
0.0857884920266
0.384355823712
0.120665763578
0.146234291224
0.201170654648
0.25819553439
0.404821375451
0.498184039584
0.358797881948
0.287895990127
0.260901950843
0.195215099883
0.116626087631
0.273419426597
0.271480317587
0.271167116065
0.178628370571
0.304149193189
0.356082880374
0.456795105752
0.104434116182
0.249725334128
0.257998292706
0.432387191976
0.174276215604
0.279099325287
0.368177823843
0.260836743149
0.357933144731
0.128978209982
0.314131301064
0.0898621962882
0.186123932038
0.17064055949
0.0767784005946
0.092554078553
0.0914764280101
0.157636060007
0.21883100075
0.234900932589
0.218631139882
0.236483767728
0.230323781545
0.463277452473
0.115885545538
0.0619914512896
0.206481730611
0.192939005601
0.0565759643885
0.18654626886
0.0579520398737
0.242999290072
0.0646916907806
0.13386909398
0.416795368528
0.139308845113
0.14430111326
0.231926132577
0.0990433020911
0.21416031571
0.277172638013
0.134864509206
0.339115652435
0.0499203845267
0.20174959195
0.350130290781
0.178930564572
0.128934925424
0.128604187414
0.268185370576
0.147972279581
0.0933645214305
0.300373700846
0.19754178316
0.0991782175524
0.313581031166
0.215346807046
0.177197138261
0.308796480652
0.116937291779
0.0973764992938
0.0855985906909
0.139881497723
0.116791974962
0.118193852911
0.26929570712
0.189324333187
0.0622713139104
0.301643734042
0.0825740723019
0.0770470564692
0.149214679598
0.0806100298329
0.235993215594
0.141563477118
0.136672413315
0.0693779512198
0.11945361463
0.174231334815
0.238393276325
0.135606193837
0.294172059473
0.397277159661
0.349173735907
0.306044403285
0.461259556174
0.113312724308
0.240629145691
0.385595390524
0.147195743703
0.261253273936
0.174096343369
0.225947379888
0.21129353454
0.218054521159
0.305617184863
0.16189484864
0.604670548257
0.225242561193
0.214173395625
0.197409590124
0.133084763863
0.376580782663
0.151825854376
0.08561453963
0.0495598361859
0.331729195655
0.0912872718833
0.178347838612
0.0902168915724
0.192812353928
0.0887544252058
0.494387786976
0.112237111773
0.340400088421
0.401543249113
0.186197541733
0.385552289137
0.226174465865
0.109857425403
0.050243227496
0.0400932509206
0.120014414307
0.208704829829
0.274346361379
0.241882470786
0.0983025170847
0.0887661227266
0.336984141815
0.208388740654
0.158711299938
0.160391356134
0.303969915225
0.116478267311
0.0329917206499
0.0612649526302
0.158109606158
0.296831182613
0.0491924077879
0.071734896599
0.137202733166
0.0799189063568
0.126591917489
0.183884573614
0.187853805527
0.0602500929729
0.107051541414
0.267324943114
0.211275235462
0.136122003422
0.294095914986
0.0882145394654
0.191882379691
0.15104626775
0.123231707064
0.073546044984
0.233340375325
0.0976051402362
0.196932153312
0.327127996665
0.224146365857
0.0825796667422
0.109448593687
0.190484615879
0.0960309632677
0.236768591846
0.140446931867
0.0502064187975
0.115300383384
0.0950746580542
0.328328284178
0.168840862754
0.322005648724
0.0709510245509
0.160859169114
0.168204809191
0.197730568566
0.048951972986
0.0562331333794
0.118653789629
0.0646873613331
0.619262868992
0.186304431659
0.351805181819
0.489722821804
0.579748092719
0.506718756517
0.204325767923
0.494649579137
0.409905046293
0.362921987251
0.391155579008
0.424797136172
0.330503112704
0.202161228718
0.0412258890296
0.437508030384
0.324776019549
0.30028461079
0.0621987920841
0.279929022471
0.067928081176
0.289348579181
0.163408169242
0.214433198802
0.35760043442
0.252427127276
0.206038704438
0.239483601049
0.598410363285
0.0892830104078
0.163089255536
0.113895653773
0.0799832239771
0.356612132913
0.111224346923
0.144230761716
0.333849051832
0.201431239841
0.194203063106
0.0886712797234
0.119285352793
0.423186034251
0.0854882144431
0.127628678833
0.260123507208
0.216588857294
0.117657287637
0.175016517325
0.178251793109
0.179661790582
0.108120162516
0.225649609399
0.132633214552
0.518148351137
0.214062474811
0.251214032211
0.107406733644
0.167009106579
0.0796473680794
0.168565711377
0.107017778591
0.205451158572
0.0967064265112
0.16608313466
0.210174522885
0.184309061429
0.259485950544
0.159739079318
0.0711349291024
0.133608176295
0.202789418849
0.246386991134
0.444551925317
0.0928998103851
0.385443622902
0.127084013507
0.118807056997
0.157512335482
0.148322113475
0.0894069952034
0.154274549379
0.12085437056
0.136042617513
0.421370793807
0.0392971531785
0.186797881577
0.371431834737
0.0946057484095
0.29608394286
0.0796160209255
0.0970457820367
0.229169835994
0.237130825968
0.0700987636189
0.0985359812012
0.0571915742099
0.0861944458884
0.328659290531
0.0694111732872
0.111318261283
0.507873455624
0.503049207146
0.347630189243
0.258938662363
0.205734164696
0.354137840373
0.0789947867983
0.298424308767
0.421589851918
0.118342179416
0.212974439248
0.285374874149
0.111040860191
0.28623143124
0.207232192881
0.466570347585
0.131784074598
0.347281791698
0.11874929682
0.0409648481146
0.335636806864
0.227512195611
0.128210092133
0.0800454569451
0.285660170604
0.157564709793
0.181473041844
0.290792755316
0.675720072785
0.154903326949
0.241536514119
0.391452865504
0.0722315223803
0.443859376488
0.103254065127
0.25591803144
0.214386544007
0.306802450404
0.10206001308
0.105082947107
0.232256350304
0.18561242874
0.171900847039
0.121128619433
0.157581286885
0.220369364424
0.205465722944
0.31385239518
0.252368060361
0.144402519152
0.10225045028
0.20625419092
0.0930139760114
0.0420304612079
0.124765721329
0.164811135596
0.183292530971
0.112034789294
0.0681758917203
0.0985698213474
0.148043907561
0.20439950639
0.19628006291
0.112602572148
0.0670417630754
0.118506196787
0.187134217491
0.293197604545
0.0982445575862
0.193049538541
0.0753744650251
0.347451889174
0.231389042653
0.289174647306
0.128240622355
0.145294311107
0.133437899173
0.0946646457984
0.0801082465181
0.11800198669
0.241170260188
0.23240685256
0.323748214559
0.130421322743
0.194079415272
0.236074536744
0.116556820421
0.117554343675
0.182472903478
0.274889461695
0.114292028816
0.207154914993
0.139158155522
0.147714442249
0.101211178527
0.226457740882
0.111242254633
0.300630458612
0.276084553274
0.0920753845361
0.791892348261
0.564693143531
0.311783118153
0.282410277814
0.184624113641
0.381149466934
0.237647926352
0.384231608845
0.130321590027
0.522878703451
0.44589075092
0.220399900054
0.0877229207432
0.457954638913
0.279722824877
0.498785659939
0.213844062794
0.27482697125
0.126074241328
0.162275320231
0.349535265837
0.188012136151
0.111688822251
0.363059403398
0.134387938207
0.0967221456195
0.204037231496
0.105236138537
0.123423034687
0.107488298176
0.0851071465057
0.232476354749
0.482558430486
0.243309177716
0.112992555473
0.493100644412
0.145142158428
0.256094915045
0.12942444196
0.272455546023
0.24760770057
0.136622197068
0.230054256781
0.274160658645
0.457068641681
0.190233057787
0.166274396033
0.159116050311
0.169516078709
0.325916847614
0.100510221892
0.0940494274344
0.135491953781
0.185599016958
0.212809870534
0.118921159671
0.27218784307
0.212472920855
0.25553922123
0.0802596491236
0.204022534584
0.448057498589
0.466560361467
0.457560157925
0.132609272672
0.10543487689
0.201683832923
0.159459453957
0.11287265002
0.0707821770336
0.140470519703
0.147130156757
0.0988522800726
0.162674980031
0.239467427375
0.262400257479
0.325400648854
0.376639202059
0.268754655892
0.0950197612099
0.185189055055
0.393647216095
0.168580864016
0.141823319173
0.178606285603
0.108966839342
0.0733629600775
0.157762558152
0.17044866312
0.179712098678
0.231723089158
0.451204836513
0.158171152427
0.334222184821
0.10296124492
0.313946410923
0.144464245652
0.143680132528
0.123498529076
0.142740407232
0.532106332133
0.303187013882
0.445628442134
0.244007752919
0.134895400641
0.362084484952
0.145636423612
0.213241517181
0.0667027268926
0.209211113913
0.320143175987
0.218110177838
0.438384100254
0.0817597504545
0.149351776314
0.722674721112
0.315318792416
0.417102306408
0.379863747395
0.0554775136582
0.250917768895
0.24551861457
0.233740450136
0.318891981928
0.315294073127
0.505835386503
0.394634327048
0.366661950113
0.0737455221241
0.280380874497
0.247345221733
0.254631449232
0.23725354627
0.242549850315
0.101753933923
0.236959654221
0.270139246807
0.27463172908
0.354554056979
0.353475569936
0.342143536974
0.104902383372
0.195201930008
0.25650671581
0.286995884728
0.333332796056
0.224026789623
0.330508682463
0.243461459811
0.289552392711
0.242040711894
0.136863779515
0.630337713647
0.196642681066
0.226724166373
0.126734841946
0.11111421026
0.169073385081
0.139123220706
0.142669385297
0.309961729965
0.181585900449
0.107709700106
0.311750229649
0.135611054247
0.218282365957
0.116664645244
0.109896092158
0.122192899079
0.106473574908
0.472083533958
0.235118483511
0.3540043287
0.335529562566
0.360127846771
0.0787555171938
0.293838195464
0.194124036178
0.240353121954
0.130735036973
0.0481077238086
0.26657488584
0.191517474009
0.147297760588
0.110713120311
0.0963937121816
0.174689104741
0.261256982513
0.0905227544048
0.398240771133
0.352940600066
0.242879257302
0.194512439518
0.140062179882
0.148768090065
0.111817360685
0.248119769528
0.199322679678
0.333998472753
0.0860239854068
0.556139939855
0.392423417353
0.278689216422
0.253705350486
0.231384157228
0.437812282205
0.227806005208
0.407706797258
0.194046344892
0.533118814373
0.23704076114
0.112554118546
0.256893319254
0.184328056142
0.203578035543
0.37643439727
0.230058750285
0.373001983391
0.221269727012
0.0813135516501
0.180424351236
0.0679168610247
0.179782138531
0.480410075908
0.20026181813
0.112648697569
0.43688294055
0.259136870525
0.0787660044668
0.113530368928
0.129058597023
0.128680565565
0.0864795331016
0.167719084528
0.142334973127
0.230598118252
0.0799753019662
0.12855332566
0.243193033632
0.143420061111
0.0578720529025
0.0942149395237
0.0785771254683
0.127481736862
0.122492853969
0.282120627322
0.187078572054
0.30234005837
0.265266380865
0.243329034082
0.191557540549
0.341034799464
0.210998071856
0.234123711576
0.110330056012
0.251139411146
0.0829584249648
0.0880907368203
0.0694172872849
0.353483618849
0.373936198351
0.130509316676
0.151845977322
0.135063398555
0.201814734675
0.192994301244
0.269739148267
0.294718335351
0.234053140006
0.121388038632
0.136347698993
0.366969318889
0.16425526206
0.456546653075
0.0971170656369
0.145248800721
0.120104501104
0.110635023492
0.0954332604816
0.0675043324198
0.413053434347
0.250175472809
0.133760726337
0.340556082382
0.0609064574776
0.172386230292
0.0767081620252
0.0561438167797
0.180226411137
0.13826369818
0.284814077674
0.0706932428183
0.182764745767
0.124786181268
0.173507956041
0.118618658705
0.417836680799
0.277397097992
0.25614864632
0.134904385342
0.46905756915
0.263525338217
0.356354066671
0.49657262492
0.322879182186
0.49321846714
0.428408400524
0.400427551447
0.146085439396
0.323245091049
0.216948896489
0.24292551861
0.129830764836
0.418154920014
0.218381313566
0.112504428352
0.230117105867
0.20134801174
0.229308122112
0.0573159855539
0.387728575684
0.230238711755
0.176594979755
0.117841597463
0.166944088401
0.192811751979
0.252704503005
0.352480460996
0.30974900112
0.135255883314
0.271353580388
0.0701912027439
0.258977529188
0.217741939155
0.225332605491
0.385558183158
0.246549654405
0.36318819399
0.224769130909
0.210729985477
0.19209531856
0.363599524521
0.0865322482545
0.194049425636
0.18251791943
0.228888442541
0.307306931224
0.219410167187
0.228983745797
0.276582495763
0.261118824879
0.208497502266
0.100643104252
0.202825340454
0.212464831651
0.0421780826204
0.33229102652
0.112509347675
0.0733389676191
0.275638739231
0.0917612932748
0.24016712581
0.182400054008
0.13546518366
0.396271406097
0.372736468292
0.0697111753298
0.299138986985
0.256403297905
0.097045648709
0.190092430479
0.152755210488
0.239495601527
0.220498688795
0.0688439837718
0.143484879244
0.209176812275
0.345615731887
0.176329481462
0.0824330448313
0.187032089757
0.20925047924
0.14039112311
0.257084254748
0.109410007909
0.0815431328321
0.160482669539
0.220487528496
0.116109607973
0.123574152055
0.310813551496
0.386307179798
0.11858873127
0.130570546713
0.148604723831
0.108457304439
0.219770622609
0.207079887966
0.319566246986
0.171390993489
0.417639693939
0.638457519866
0.620462409411
0.319441312941
0.348592354697
0.316329714345
0.291128743689
0.304207938105
0.190136266963
0.463994459966
0.202891340871
0.0915399780907
0.717367181411
0.426177778238
0.0560147325569
0.386304218632
0.154603891327
0.241346025139
0.10853592633
0.228080519138
0.194200955839
0.221664343114
0.249851966417
0.117915055394
0.228846456101
0.234048616668
0.0850759638776
0.506890174864
0.14347671946
0.277296180724
0.241754889606
0.178023299796
0.353996117294
0.297248298731
0.179891532002
0.22884228777
0.395854152814
0.162357377859
0.0424494806855
0.394625061999
0.351707985756
0.064850951452
0.253915784564
0.0726902446879
0.126949483188
0.0860680733795
0.287512146392
0.168872267725
0.197224563901
0.138552746875
0.251120148893
0.118563910814
0.179749220001
0.254698697416
0.231080222291
0.269329298152
0.19706347374
0.157402046688
0.377309637479
0.125381602487
0.291862820675
0.209109486306
0.0858625638458
0.103578949829
0.227106798068
0.16530314611
0.112432628648
0.0798758294946
0.119752849529
0.195770517749
0.0920317987728
0.114393565699
0.103705033123
0.610094185294
0.0713382303831
0.0835764630921
0.0955698939409
0.134186391799
0.190336070514
0.289365000371
0.105011016296
0.110573160415
0.149153226261
0.404287667653
0.35580558563
0.0975890363794
0.141649136335
0.071090756083
0.410131248726
0.0988866715159
0.182157831507
0.304795225231
0.0914802216321
0.141401168221
0.146673690095
0.0733136922335
0.274802707121
0.100082587495
0.0791364579688
0.112523208772
0.625530073029
0.670994126232
0.209193857266
0.189730667891
0.380846212572
0.35118321942
0.223061722813
0.157261089216
0.37038905397
0.0816798746576
0.320834799459
0.150285981948
0.120259518513
0.220373666718
0.0827481794195
0.0652029628238
0.4140938765
0.122481433957
0.364754926263
0.404544060554
0.0603069400442
0.16637783335
0.282976617056
0.171354415628
0.304630797831
0.381210168181
0.214169449756
0.153127077246
0.227330466501
0.180971685743
0.0935971004629
0.25519843889
0.254433593391
0.0870981248397
0.110039272467
0.0888582573473
0.0521923603892
0.0958271221808
0.140860091712
0.137547687756
0.0739368011558
0.105336872691
0.128190404598
0.151466914713
0.112448357236
0.0554149029542
0.122469475599
0.117699099429
0.22743280814
0.14855046118
0.22631938065
0.256352162817
0.165398308751
0.346562080766
0.372488212134
0.0656564309716
0.0974368694291
0.146096054362
0.141569514021
0.106318988704
0.0674926342384
0.0532968094493
0.0880768018818
0.066707275161
0.127169341838
0.101897660583
0.590406546765
0.40356897581
0.304201746125
0.12093635019
0.206488610362
0.028148311116
0.134139436726
0.110792172798
0.316834588681
0.297405464869
0.349668549461
0.0893462403885
0.240738012621
0.232388610352
0.255423864808
0.261368109356
0.187302233962
0.162483115883
0.304203379239
0.202559077098
0.113901588825
0.100098109327
0.143601253864
0.305162489485
0.134155624245
0.126632022466
0.238750337936
0.103878887284
0.264160028792
0.0870537031385
0.105052835623
0.0680181491224
0.244734275505
0.18301842908
0.443485588329
0.667559217411
0.227473276991
0.458181859217
0.283527349469
0.300620497823
0.366971875951
0.384233094646
0.294623774296
0.642460462508
0.129830600817
0.174934176228
0.251197930385
0.0959970169518
0.147092951981
0.0896664942485
0.0997055763761
0.195040733828
0.0485637713237
0.208612228411
0.240089662256
0.256214002535
0.311250262822
0.266290330095
0.0942855164544
0.265706315271
0.0884344505301
0.514501870395
0.0989312746647
0.156271604611
0.190927795366
0.197028591828
0.298314722252
0.059456196444
0.187204414837
0.127675431273
0.332507772991
0.0782578626032
0.21537400363
0.124303992767
0.100740397161
0.0916792135467
0.0722256208335
0.0503928440099
0.330130179468
0.0896529782026
0.0608603953488
0.0541253682651
0.0911914045305
0.103788462023
0.0704740965916
0.135570625486
0.130970284295
0.120826239634
0.118275808101
0.11655647749
0.10570826299
0.0979572264294
0.240325442832
0.197507262552
0.133015618255
0.209132705948
0.366791272954
0.103595043301
0.193970135827
0.0993414217551
0.154987362368
0.238353806542
0.137640629489
0.128219105732
0.184065373531
0.371727927126
0.0618808316325
0.224842529765
0.0797674986608
0.129523337351
0.123895702975
0.089367654219
0.158063500618
0.126078252412
0.245761908195
0.507682612051
0.0748084571494
0.0509748833987
0.300362683027
0.260669537509
0.144589251327
0.16662970461
0.3182954388
0.204151980163
0.15180278688
0.217115955524
0.116855262581
0.231664841878
0.236476661499
0.0914750645722
0.10176138631
0.14727066955
0.210872116031
0.254616220325
0.911532042732
0.694681387438
0.688881181907
0.419232003827
0.465851718864
0.328481951459
0.412066678688
0.323029869124
0.415039839765
0.191103455487
0.254031879131
0.0973449813641
0.223318968095
0.330345227293
0.421155783762
0.55808217972
0.48020256322
0.342881622098
0.59226426703
0.262839448994
0.62696891514
0.262530280348
0.646581907205
0.176374673106
0.337954201783
0.197410291616
0.264196882994
0.271072755123
0.212548842421
0.177510718694
0.172768376805
0.469652700587
0.107780765276
0.322441861684
0.328754345918
0.106521049473
0.132696694241
0.360510905922
0.0907276206938
0.106977994819
0.129049339877
0.234631180258
0.459737005642
0.0505412797723
0.148076660487
0.206822403692
0.265595097537
0.116759163071
0.152301673377
0.11538865381
0.245771196895
0.21343657154
0.159613459935
0.132784002155
0.542476355638
0.196989275139
0.137579236919
0.343765392961
0.076624587594
0.0673799994148
0.316361756643
0.396231897814
0.199641806095
0.138770789316
0.321035374698
0.134993630945
0.200631068457
0.129685901022
0.195375148389
0.192754846157
0.221431815348
0.059343000997
0.133249186865
0.285334218332
0.0956065890742
0.0635105915708
0.127987876426
0.303707754257
0.36087104308
0.181886610892
0.089312129177
0.230970386131
0.130011804415
0.0956107828602
0.097497497145
0.431600097313
0.155452174549
0.101606376612
0.128367879029
0.182679443607
0.0681780291561
0.214253656605
0.386607787675
0.320154450731
0.139301167718
0.0742357330614
0.0784991855314
0.18599851501
0.0559288360117
0.232551827896
0.333011415021
0.614071316158
0.320487611828
0.278377747239
0.52971982269
0.582971007168
0.287867334299
0.502629661939
0.27044177085
0.331007284534
0.193098851352
0.201768504506
0.120557919114
0.277294169634
0.438143928497
0.0780681839404
0.240885788669
0.105927595846
0.215222945088
0.138676554913
0.319467823495
0.185849631151
0.0670117293005
0.0921864101396
0.223225359216
0.150066052561
0.269399792401
0.166859609296
0.498895904372
0.101275068255
0.394497270766
0.0846712641031
0.219067533959
0.135342227507
0.228882709311
0.228688645021
0.0910550764789
0.104186637746
0.233273981009
0.131338968205
0.0668172814671
0.131356226762
0.116033491557
0.298521309973
0.156809511726
0.244939906304
0.09094921839
0.0682151784322
0.105551362736
0.086829134694
0.175640083059
0.0432066167238
0.434459909654
0.160832812738
0.396669632446
0.121420743804
0.164805404612
0.063270900975
0.253381667876
0.12765697734
0.211190037427
0.18203180924
0.312191161475
0.112588201019
0.154003411643
0.192235497839
0.0979678430931
0.219626646655
0.25420918619
0.215968928608
0.267203220823
0.156065599567
0.0800123188442
0.200514476333
0.222775991247
0.188538186847
0.106609190078
0.0848003500408
0.129827322973
0.113691099156
0.0667853860193
0.100181923905
0.124802728876
0.126645657525
0.328267335988
0.118343834338
0.128528079391
0.145722454925
0.198558197841
0.211423473679
0.18664903467
0.076829121934
0.0656847571955
0.126815600238
0.123684827168
0.125237161952
0.16734766899
0.303450607046
0.110494861575
0.183000178859
0.355334944215
0.348424795501
0.319877676478
0.261420895645
0.383802183211
0.343733684495
0.215358567436
0.335577395504
0.351098749081
0.245013027367
0.218990403533
0.348215162508
0.0981661572504
0.374175832576
0.161333997224
0.257003036993
0.132127561065
0.15900293093
0.110082751872
0.306215499458
0.120773856159
0.115312433725
0.247836953288
0.169154936948
0.100727771992
0.32210928306
0.194851783567
0.146204639825
0.199562552897
0.263979880965
0.0751316138618
0.395475118806
0.134263359932
0.108775542079
0.250088079754
0.168512655129
0.140951211516
0.381916204671
0.154371989025
0.361278148639
0.180572344506
0.0787245466645
0.207787043234
0.188608160295
0.350625412237
0.227582446065
0.103638350071
0.178340208883
0.111198205079
0.259443027325
0.184148704882
0.0968226565141
0.316825922811
0.106695631498
0.0735423031559
0.232327433206
0.239544219676
0.225832655057
0.277733387301
0.100360688356
0.105839888675
0.0958012051795
0.190932552544
0.164115575293
0.201495148093
0.0780757120142
0.149724215268
0.29300367384
0.0989506028953
0.260948989544
0.115308581097
0.325904689498
0.216196026337
0.20149687945
0.0756807097209
0.220543966004
0.226826591677
0.0655867897232
0.16617566047
0.1430845167
0.102796370674
0.22476903637
0.279767637747
0.328462009834
0.13608707944
0.078845380694
0.0955808094723
0.200572686448
0.100020252421
0.126353012013
0.213375035363
0.249740380692
0.18753526183
0.0831876588047
0.294438276866
0.338652321408
0.0816367522451
0.103594064292
0.14074252009
0.0766418016202
