0.796169692313
0.337158356658
0.771181545425
1.0
0.174017139448
0.281687184613
0.403969586428
0.471717846463
0.57290823376
0.884363215425
0.323152848537
0.611760289163
0.717859686631
0.270812115845
0.623291356834
0.71839702363
0.58989009452
0.797114971225
0.677018040962
0.836173387974
0.652622348231
0.399184876393
0.863506394795
0.599528416791
0.308591485531
0.864939325512
0.254292667793
0.639825501853
0.679334894597
0.658057793216
0.74654769092
0.474640451472
0.248916933832
0.677733840559
0.875
0.457127232827
0.419356233481
0.711661307592
0.773082371663
0.82122539197
0.936769696806
0.501800367124
0.809503521753
0.817546909278
0.891105794173
0.301826123537
0.783663422414
0.311463185277
0.518528628435
0.880220931072
0.600874886057
0.545843424621
0.616441598778
1.0
0.703490464806
0.547317470687
0.679414999542
0.604621022671
0.255909196734
0.864209355008
0.273223675846
0.394688851445
0.636470238
0.44147811895
0.752026770829
1.0
0.673946125564
0.729367279326
0.396827563093
0.764408878405
0.49688153367
0.783932548396
0.230961022519
0.515861738114
0.79902886985
0.335198029251
0.882284994579
0.838734572921
0.558560524286
0.757382809644
0.640274721073
0.607957174619
0.460854370982
0.601196976043
0.733168805874
0.459121513742
0.647523623876
0.718548692687
0.897663648366
0.319694499959
1.0
0.708910734788
0.859246273175
0.358542996054
0.846660453089
0.44183029803
0.245102905207
0.865914747116
0.410792827636
0.693062348049
0.528966299694
0.462025260769
0.404524977604
0.947084559655
0.672093048843
0.431961170252
0.33474599083
0.706693042667
0.540618286181
0.822355023639
0.563855082961
0.576316253243
1.0
0.331032512146
0.664402460456
0.495573217979
0.597566956655
0.628548965113
0.694230666265
0.913435396361
0.761473414262
0.862990013434
0.343559715961
0.596142640606
0.546734460972
0.595960727984
0.443787853339
0.775236231079
0.635610513218
0.746519326018
0.239391135701
0.0975726499081
0.766697544416
0.447151110129
0.502861306843
0.866313704748
0.810875763349
0.203605965548
0.695884002069
0.500356402601
0.304465420389
0.897098221651
0.390566252957
0.0759888905457
0.447918940799
0.552942685198
0.811257490501
0.892066566441
0.644055856898
0.817984067128
0.817771401409
0.745116892817
0.887342959251
0.245641865162
0.2614132473
0.584139765259
0.329801001763
1.0
0.762209450597
0.881858781022
0.802922990161
0.87547542229
0.455712109513
0.695878692366
0.325989145045
0.749885599175
0.52012707109
0.749492420854
0.344163108971
0.950708488756
1.0
0.631140603045
0.852141059646
0.854873411992
0.35401415989
0.663645915357
0.780300127818
0.822264373937
0.265013705142
0.359534923419
0.300802439061
0.430441058841
0.6593216365
0.718355275071
0.725945144667
0.381113186958
0.874493846194
0.328710125973
0.772005940684
0.875
0.75599681688
0.650871031177
0.785617326838
0.557467671781
0.789609553844
0.868746982985
0.201533387511
0.695577799914
0.930738388868
0.676732044372
0.110975703523
0.926282767674
0.705046924005
0.603236647723
0.549259934611
0.590627086077
0.618988025359
0.654737185193
0.675388300618
0.508611473327
0.403513946144
0.60050452457
0.581432724415
0.631078259588
0.239943803444
0.569746935134
0.645165523294
0.637922766533
0.897624421683
0.437452547071
0.431474972724
0.926407826605
0.642686483397
0.672028395178
0.885602830214
0.722298236267
0.257663471971
0.314510875725
0.0723917235165
0.360027743681
0.529759513834
0.585135647267
0.929718141246
0.623652064032
0.779904561114
0.638848914557
0.635439745278
0.663420220712
0.625030120274
0.593934511952
0.60224628213
0.403055582879
0.756203525238
0.284848363579
0.893106786642
0.804233992143
0.344308030216
0.782040700358
0.81242940592
0.608008290987
0.611451929729
0.591272086002
0.759003866555
0.859441832763
0.495751661734
0.465364641568
0.741841752047
0.83916760714
0.51978558576
0.874277311317
0.865559727023
0.489222755851
0.900884439076
0.878526297391
0.591035901203
0.466111014732
0.881831742719
0.240829009031
0.731915208364
0.683884863014
0.657866883191
0.803193410532
0.324155800372
0.232746835631
0.645516506672
0.769527973503
0.709062925705
0.539233292413
1.0
0.62370807879
0.884910782762
0.742576924303
0.795073710917
0.904736595994
0.746883069924
0.514112304514
0.791220267124
0.0222548319121
0.819096804697
0.539007225863
0.760041858795
0.707980103056
0.881775292964
0.58949987189
0.515875695081
0.698295162729
0.787986268542
0.569067920723
0.639156965038
0.876304114405
0.63854490448
0.770934336515
0.362375898804
0.53977621428
0.53576536467
0.660292851252
0.548671121277
0.690659425887
0.426565588364
0.558955738406
0.0920870125402
0.0682604174787
0.428226966547
0.510883014877
0.591999720339
0.523114213006
0.843070507256
0.57850454584
0.398049942061
1.0
0.621397798964
0.80815663186
0.859584963228
0.70788657297
0.947777293969
0.9375
0.634901318553
0.790212545135
0.51297468689
0.91823048245
0.773738237415
0.456499105866
0.833939001854
0.552553597162
0.83309609603
0.567383312606
0.40671344515
0.833333333333
0.338801019233
0.570766427729
0.787935438998
0.541643847136
0.519966605111
0.691053089045
0.694640533526
0.701262759767
0.685044404584
0.705411811453
0.819263590474
0.636654239445
0.752176655881
0.730452130497
0.496127393776
0.814176384242
0.60460813447
0.233169005505
0.790912094837
0.49034950292
0.640836145541
0.331214563344
0.821815703405
0.923400599091
0.65558945984
0.704233110146
0.256099615826
0.479395542557
0.764338981382
0.706857044031
0.185421802785
0.53598845043
0.635106130204
0.532728712598
0.716065503093
0.504101448257
0.274420286009
0.562426594375
0.509210436305
0.518999374732
0.687918715681
0.799500679098
0.669154550328
0.12189916568
0.728812286982
0.455155390955
0.0611844258604
0.731379054103
0.25595272699
0.931674259391
0.633327620008
0.649980615878
0.312047893264
0.735462530866
0.273786902721
0.613939626349
0.894689350542
0.520663134537
0.446893062566
0.0285065913771
0.538457400296
0.721944405493
0.584067331611
0.841160368203
0.385858632368
0.722709946701
0.885043276734
0.359926770084
0.210661500718
0.533222594032
0.746118282011
0.498968391451
0.433665500046
0.675586913949
0.578908950974
0.407176489772
0.800233723801
0.700421004699
0.76854361386
0.663958323905
0.58934817195
0.534989713619
0.714757151948
0.871404953647
0.700433021641
0.326998316766
0.567520331699
0.27852964529
0.751450443761
0.435653902801
0.631002600814
0.688665782826
0.240081440647
0.707027514905
0.398119857107
0.539002444801
0.4527551787
0.93640834766
0.89902869498
0.585079643582
0.911477575528
0.750781184849
0.226521150164
0.530097569003
0.579786108822
0.607710188907
0.92122607887
0.131632411412
0.538634411741
0.0676625890785
0.816139843453
0.785714285714
0.824480257513
0.525985711408
0.581734497164
0.470593593348
0.715323986843
0.420184385574
0.546629784728
0.668886047333
0.678015989269
0.571883879143
0.576558570977
0.734228023769
0.735035218992
0.847093196681
0.694375126779
0.772534183952
0.720649043921
0.490287357266
0.812318975967
0.925123903595
0.681740848585
0.673054865739
0.400529348397
0.684009698318
0.656310659617
0.901942267996
0.60510131812
0.700447709891
0.706990842501
0.70222285032
0.294533786551
0.783765725807
0.448507544213
0.862617093432
0.551432311649
0.493938197377
0.659914574914
0.400341872221
0.697811091259
0.827084677431
0.762228175129
0.680698330425
0.203270188124
0.694217416517
0.498457739713
0.456888145097
0.883339274444
0.705782826295
0.847864312326
0.370322451763
0.764912082911
0.866360638223
0.404609787172
0.595306429922
0.639906452711
0.677925636214
0.339094231747
0.80744034797
0.885936526166
0.73715225497
0.660390533741
0.75242111223
0.50403733294
0.693053148035
0.267230357887
0.403029226491
0.384109572889
0.633504529323
0.688879810439
0.951872782569
0.459249379378
0.813846429519
0.817155569524
0.75443544199
0.254484532937
0.165541297324
0.251385799348
0.588510090837
0.246210212416
0.718039894702
0.0507593600947
0.783009834385
0.174439741972
0.778169787692
0.721173393222
0.875927309989
0.517498459008
0.707453211725
0.72214977192
0.533063148031
0.700566739361
0.633491653513
0.491296873639
0.406925073087
0.746164146071
0.78952932686
0.437316557771
0.719832718134
0.721774154944
0.586454567888
0.794899774985
0.527292878255
0.460790717735
0.222356702251
0.781136415265
0.776067934466
0.554558798006
0.830124837691
0.623904048048
0.896652983322
0.592466806713
0.467508389737
0.738897499304
0.701726130641
0.251941424849
0.0661397632296
0.620674752556
0.703326537742
0.359499230589
0.564788379121
0.767575266721
0.809107456264
0.392565649862
0.579297025321
0.966313408123
0.761958121044
0.610913509748
0.792245385089
0.33503477119
0.868266682983
0.24045543568
0.597124420307
0.295872839793
0.620336239133
1.0
0.796769691053
0.579103405574
0.187886977476
0.591422922472
0.239271044808
0.711151806337
0.555953680663
0.593974500462
0.440788466369
0.540159036295
0.564639977079
0.299337267164
0.704378994335
0.232048970564
0.578389334394
0.524540023733
0.767430938364
0.671102814868
0.591586419217
0.582530236891
0.672734539214
0.764102939661
0.5734303565
0.750595859084
0.833890418151
0.646696389372
0.499738151578
0.611400675413
0.536875160818
0.903567827823
0.763824338987
0.620535245293
0.549073736114
0.639087514597
0.921095207745
0.819071923014
0.21971690461
0.810071509993
0.767081822702
0.73212779957
0.490385097985
0.638232270614
0.488366547806
0.461305027605
0.81630537313
0.441081368029
0.804158506554
0.729683562818
0.462132744588
0.447042751685
0.743526427843
0.325637268824
0.450326538424
0.217073801788
0.80979480183
0.236130554403
0.81510843899
0.396811927807
0.746146029895
0.248552031146
0.704378422467
0.430780735442
0.290387576627
0.173529027656
0.61128971876
0.895271331878
0.657534201714
0.534118033158
0.801030886982
0.855576998305
0.649293952329
0.544364388902
0.464438231617
0.697688277582
0.578537638918
0.419703423978
0.787464185983
0.19718333752
0.682564777661
0.701791609743
0.717019927301
0.639813067724
0.710014572569
0.690169025347
0.645726361916
0.569025386632
0.859117852005
0.692644214217
0.842905345579
0.561829825495
0.0493683313125
0.343727907163
0.381534011967
0.606056927903
0.650269722426
0.831780691021
0.791649694113
0.27131597731
0.241586510179
0.740249273317
0.865294216457
0.514538762764
0.515945324248
0.745481691798
0.526933371303
0.620471044706
0.743977242668
0.25171293761
0.700453647836
0.29914039062
0.860634382956
0.501697764907
0.864929905795
0.636257715126
0.515467127327
0.75907058838
0.74089428961
0.632195875848
0.76481183595
0.531436989103
0.752102754356
0.803095454198
0.68174634323
0.674399948415
0.322450503038
0.888118827901
0.386263000644
0.569422665103
0.62213744822
0.0504447642752
0.258165569811
0.634945739462
0.708540417283
0.916092222739
0.646719931776
0.834167047898
0.638639126647
0.520577235642
0.8560948217
0.404366571067
0.0908856940364
0.85323376175
0.741467490459
0.640125471542
0.782721725606
0.407555999073
0.839710789754
0.442265202467
0.658779297968
0.518459894213
0.70183314254
0.816496181891
0.733333333333
0.791284501054
0.490261056355
0.348758824121
0.635760785473
0.553282170301
0.704146706103
0.718164488236
0.755226909371
0.650018271067
0.287481836069
0.707255668274
0.617105043758
0.793730659737
0.562061012852
0.480241644345
0.745542081941
0.638293110693
0.841524865788
0.805812567085
0.503924930382
0.64211491513
0.888118827901
0.923390838035
0.890328192624
0.832232053076
0.445830324418
0.683376979033
0.800373580078
0.667341497995
0.922442024908
0.918688905264
0.802513088459
0.528616941939
0.487736018743
0.670428500689
0.226566037349
0.396888021547
0.890593374278
0.866590895197
0.821132785358
0.700696787951
0.858233038416
0.366797257663
0.376340242382
0.707500751025
0.521392262281
0.736645410084
0.705155753625
0.882834346656
0.562455274161
0.359701631966
0.451774485574
0.719172970678
0.828250728283
0.682576206728
0.632256824258
0.683054676651
0.49842570095
0.67812742423
0.827418413513
0.515383738556
0.773341069583
0.748193287682
0.499168261008
0.349035528592
0.517849437218
0.453684431313
0.231517005119
1.0
0.331518164065
0.511069103155
0.40885289044
0.609304515669
0.257666742139
0.529889278987
1.0
0.545965452238
0.70931902057
0.545330085211
0.607079601723
0.290000336109
0.716445714005
0.448653325234
0.827590326056
0.638364854494
0.716201586181
0.396447644854
0.737088648421
0.62049351414
0.739294784972
0.484473369861
0.649206769616
0.485747551677
0.309467545361
0.450168043083
0.823176679147
0.845978632658
0.377512886045
0.738660878374
0.519879901447
0.504197819988
0.851694103293
0.39841080449
0.649481855089
0.491530847971
0.698702679702
0.367719032096
0.673531855448
0.786169047417
0.710531182908
0.613819636119
0.382433810536
0.616976004688
0.360328207008
0.749166515819
0.653161475912
0.924857495268
0.515607327288
0.755132550828
0.548561667642
0.545238896549
0.433702348494
0.865784021408
0.627233817398
0.372325401114
0.863460097119
0.684420729072
0.848367950677
0.534484734054
0.808213475047
0.573426095729
0.125292862448
0.666289898249
0.511465236936
0.264240699841
0.875684083986
0.893413153234
0.688029206809
0.907964126734
0.676791857602
0.422117194732
0.791284501054
0.37117713019
0.502331847248
0.726879000757
0.0460845554291
0.284739139218
0.614771625526
0.905698193782
0.659971249719
0.642855264981
1.0
0.764933383165
0.864208366505
0.317792708831
0.5761975807
0.610114210199
0.697087477743
0.662570007739
0.679842944078
0.843539463557
0.282640390821
0.477180229327
0.0936996673659
0.67857845688
0.719416721138
0.469471926949
0.654068819718
1.0
0.766240450948
0.642916449305
0.226038580541
0.44329008911
0.855214767986
0.669280290579
0.473129381755
0.645893671348
0.647464078329
0.483144680622
0.093079621664
0.652737001518
0.581539631056
0.374337443718
0.621449030476
0.671341110698
0.307211776508
0.85775772621
0.063948788779
0.74000234011
0.202300208954
0.794123818941
0.756428243144
0.586351365467
0.404922666369
0.734109298317
0.832246912421
0.768511797175
0.688088360184
0.31177633934
0.622170476266
0.82522669227
0.606871244699
0.269372148639
0.366780066299
0.568812008568
0.5132342827
0.782455602621
0.340065753918
0.491953652534
0.349679677617
0.425711156402
0.41529390156
0.460292185801
0.780239831583
0.669789523885
0.647169087519
0.881277024024
0.139999512359
0.658607725531
0.553091034712
0.122137182161
0.804366473498
0.690603730903
0.253726414304
0.696859891572
0.07001582961
0.723994746404
0.756376523636
0.633426427191
0.42305227646
0.88742869875
0.977303188953
0.419576503856
0.621135582462
0.85481178796
0.83939332662
0.623662095161
0.758337743116
0.522573295831
0.866623081621
0.0941165559554
0.647675312637
0.62053748491
0.695535217357
0.753197683564
0.73487257878
0.263041557283
0.65129433131
0.773480004248
0.791004528629
0.853149705002
0.5149110406
0.507740199276
0.619614043205
0.169336359684
0.540096918986
0.641088064555
0.242297911187
0.389405632792
0.982345706292
0.930508416401
0.66296037531
0.754379422333
0.688043474055
0.695671520197
0.738194112387
0.871900147719
0.651573001603
0.903276219201
0.502706436521
0.864236202027
0.77579590741
0.606353512841
0.558705861618
0.604306495358
0.541506021779
0.596790196228
0.798896868109
0.644731420517
1.0
0.630272136996
0.639723206208
0.63765776144
0.678700699751
0.984404985773
0.0440480672426
0.65239343123
0.89282833144
0.538867682004
0.373021773889
0.525182702402
0.843117006384
0.853467069946
0.803202727259
0.537589264153
0.778169787692
0.771877082305
0.0906356086105
0.335380223905
0.631992366003
0.455680650301
0.731329878058
0.796480602758
0.641210071764
0.60272984065
0.537983471123
0.619999538378
0.0513417716899
0.531016205366
0.551989915771
0.670363923608
0.0583391926569
0.64907503241
0.45794838111
0.309944372777
0.708031007037
0.674270432397
0.540633340959
0.62435783349
0.238819157035
0.345516386489
0.317347516299
0.483232493764
0.674505630503
0.0801642743099
0.573564138528
0.438738062699
0.672082508935
0.845621644844
0.756464137124
0.382788164799
0.66362248972
0.561192485983
0.757326706755
0.679610409538
0.80061700144
0.882205602263
0.914190979934
0.384261250402
0.769890117711
0.413494371322
0.713791042231
0.678752996275
0.867010422779
0.594480772611
0.779894635836
0.761848152355
0.782310117988
0.824741225752
0.625030120274
0.235136036741
0.768630312961
0.230716130745
0.474130816487
0.651029568665
0.354141245517
0.584982479248
0.473921315817
0.794307505311
0.588776655807
0.650109925564
0.746816322548
0.833333333333
0.656011794732
0.288973391451
0.511147289124
0.916574315677
0.86175267725
0.400854443832
0.487946597963
0.88230337171
0.823071646602
0.259758172376
0.8
0.736338002506
0.820560672644
0.287620674365
0.451951378122
0.526527894535
0.369705988737
0.4718941805
0.562900956494
0.84621026985
0.605546298165
0.800832310696
0.684778169087
0.352538110212
0.8
0.248326198712
0.538437287059
0.60989425679
0.846534830032
0.500450626935
0.50324071207
0.551100253988
0.276390086744
0.842587515057
0.668852393382
0.674136574028
0.523252113644
0.699926978525
0.751427740462
0.645279495761
0.905687053298
0.536293540175
0.717950631313
0.671242548497
0.215635432613
0.2663909666
0.380101618267
0.620928586886
0.436271405492
1.0
0.333073793354
0.749705530355
0.871524596287
0.814255131854
0.224686158504
0.6522660164
0.819480840776
0.62878572686
0.471497420131
0.8271208399
0.370689386331
0.927738673639
0.484923136233
0.58110951648
0.851307996546
0.831317859878
0.294434843523
0.392876424874
0.776990884872
0.685057921463
0.0957882149186
0.277558489414
0.568941513799
0.347730086527
0.59994386421
0.373159709914
0.57046572603
0.436460167311
0.669492778268
0.526371242554
0.509310594612
0.107944197356
0.678507020744
0.478611107155
0.647578237056
0.931771563261
1.0
0.719832291489
0.809647347825
0.689464187018
0.683035420456
0.745356242998
0.760673763923
0.740766565921
0.74559623655
0.680065697437
0.885994732845
0.529717171355
0.729476845042
0.715741249216
0.660982485117
0.301436188975
0.512216173977
0.715340385167
0.643912719686
0.0789658596443
0.506617762813
0.53697719037
0.812349410057
0.807521539636
0.0669885708006
0.758066643668
0.644539895389
0.5903884909
0.61559203921
0.759590621036
0.751648825039
0.481992662966
0.55571193396
0.927878517883
0.844944143869
0.890796907711
0.9
0.743910153265
0.495310500677
0.650362665745
0.82055075538
0.580893016929
0.830003394811
0.648212531866
0.682703345484
0.690150466866
0.319944846536
0.779911308053
0.984847287696
0.457941410058
0.236679783066
0.276359154863
0.863684337467
0.242611364989
0.443670084719
0.639373519537
0.67995472653
0.863959411542
0.492576705906
0.670646070082
0.343764978579
0.89097901328
0.825364067222
0.390683000354
0.454703448715
0.714110202828
0.563117323734
0.27117535764
0.614109174211
0.642281785252
0.787368508017
0.860605259169
0.638444076546
0.862297338894
0.526387347855
0.78952932686
0.790378813452
0.603952153642
0.573116733613
0.621166270307
0.394964648467
0.750340921659
0.845096383427
0.640460665804
0.748816663937
0.621583935979
0.916666666667
0.772467201706
0.488960223666
0.62581459604
0.583198111827
0.578277045558
0.833325536714
0.560789659121
0.762866202109
0.881889636138
0.545330085211
0.457703256626
0.451645359982
0.189267772889
0.702002839454
0.500506676183
0.68153882707
0.773817806264
0.597974982169
0.812751590339
0.526522954476
0.695112080294
0.528285291098
1.0
0.275361955522
0.088496122746
0.501114362289
0.503541899863
0.773514757532
0.211678190746
0.764968241446
0.666666666667
0.875338607548
0.727008211894
0.242703391402
0.748657551174
0.453869736633
0.65158741475
0.881047324611
0.765091542458
0.638932701123
0.778387304736
0.87118942799
0.424414348285
0.784769897772
0.754798443847
0.429633820732
0.491821852408
0.535558152592
0.390899667093
0.607927185112
0.605771510393
0.857142857143
0.541144273663
0.644930972029
0.635331359004
0.281934530123
0.870237529869
0.912753165822
0.694229935431
0.459681695029
0.60545306475
0.785310746173
0.633140258955
0.76513085704
0.25708855846
0.945852441736
0.342385501766
0.406234258704
0.285675000654
0.404436129048
0.626765463871
0.616741322509
0.582002334
0.759656773623
0.839235799536
0.7903506088
0.751965856031
0.503378769471
0.63841509879
0.470116073479
0.779287254213
0.551455077974
0.935176817617
0.393341281462
0.593887208826
0.468315712069
0.933993844689
0.463191268038
0.7789610609
0.511168002088
1.0
0.336699401817
0.973654033325
0.398747111117
0.634614406048
0.548017704661
0.558110354785
0.217984316618
0.598611995609
0.631212507706
0.765122282617
0.881254635622
0.738021300167
0.691825745059
0.741289438608
0.554941093512
1.0
0.430516874082
0.692477821026
0.927439558144
0.423280764996
0.93116384686
0.728936061421
0.493577005335
0.829260873402
0.773307073977
0.464092341133
0.80739814773
0.594648836088
0.631420469993
0.646155330645
0.124708599961
0.744990414208
0.795073710917
0.610571152969
0.677266031073
0.794853762329
0.732862492629
0.82275213763
0.479931563924
0.784797573742
0.768629599222
0.778225698655
0.706448862777
0.249212840546
0.783655383695
0.54934495792
0.76337826801
0.731330300611
0.520927660944
1.0
0.914864164156
0.288303786933
0.842853159114
0.625086725242
0.508355624928
0.833450480248
0.789593138803
0.700364057852
0.868076482854
0.506834204138
0.53464212714
0.581273443189
1.0
0.826123450377
0.693368917258
0.981012774186
0.727519883663
0.700456484917
0.23098416192
0.470508609237
0.590547554355
0.295490010263
0.148557251501
0.283620287893
0.557930700757
0.821298130298
0.573834453019
0.732181123042
0.843340716239
0.454582907368
0.703326547792
0.844396808837
0.398534314403
0.8953874111
0.442841496187
0.737046822399
0.422726514105
0.723695776074
0.792879762963
0.878311178941
0.608101992845
0.812848052876
0.498701196711
0.468534229293
0.721298218448
0.77685774851
0.388401751332
0.87015523819
0.836512258843
1.0
0.488054889475
0.712226208353
0.554931686873
0.77988469864
0.548262250813
0.723826417483
0.038326901652
0.203728137552
0.921144979642
0.825257644156
0.672572391083
0.321893160364
0.889897402825
0.0710769884167
0.730722212469
0.804520701097
0.230241237701
1.0
0.315793827831
0.4199819808
0.396535570209
0.801951474691
0.659901595667
0.59862802926
0.423962671437
0.723295314988
0.723935354148
0.711357788024
0.79865659047
0.711357788024
0.478927764472
0.752882169108
0.906844905129
0.0250265872624
0.392638585082
