0.215584123977
0.0160757466817
0.712159221348
0.918732159613
0.0608907453804
0.389498374138
0.849607344498
1.0
0.444313785392
0.735994102251
0.780198730536
0.758604822568
0.104379960809
0.0885948534284
0.835768585944
0.884780261248
0.250913111856
0.590262570335
0.780198730536
0.879185626836
0.272089619312
0.220788381101
0.574083484687
0.853511283008
0.124707174746
0.515191179456
0.679841470477
1.0
0.129106107168
0.373035960607
0.746531127274
1.0
0.0722281237419
0.439489684675
0.535343502334
0.444542581202
0.282104730575
0.610543939407
0.780198730536
1.0
0.228111961963
0.416666666667
0.0
0.903743231461
0.102394085482
0.294372666088
0.900491763466
0.749005821753
0.0317034486485
0.503468063103
0.839310479205
0.822511323788
0.132595789876
0.707160918231
0.54005167214
0.875
0.229924982757
0.488836620184
0.708573613817
0.884780261248
0.412753629382
0.576943082375
0.785197352993
0.853811087891
0.408936888983
0.0910579737975
0.717606385379
0.866271941722
0.209275316677
0.602072704435
0.703173767533
0.124032079578
0.408096233025
0.583512589013
0.258651459272
0.632592203088
0.855398213258
0.191239308811
0.566615031075
0.853625483751
0.0743361022458
0.407150605419
0.544056890104
0.290665835984
0.563367040356
1.0
0.249777818571
0.735994102251
0.723061689026
0.239503376922
0.634158882181
0.0
0.0490183752915
0.519881408825
0.894877724528
0.135031380255
0.765084126527
0.717606385379
0.054955174212
0.388142533466
0.112068487966
0.457951025003
0.198808368842
0.0927759266225
0.0251961985247
0.519647786168
0.193536501786
0.652037935095
0.100531846995
0.398505865111
0.115402925492
0.333053844596
0.380783815954
0.537542961423
0.0538426191139
0.568850789942
0.0989249767986
0.433359390751
0.168071027797
0.717097425301
0.0408873291268
0.352732109813
0.118215557894
0.684750945072
0.0713028962666
0.70117057679
0.24197038985
0.310059571619
0.328555844124
0.532080600549
0.435683559219
0.262002493873
0.363661087079
0.0774216433984
0.208036081641
0.393920868003
0.153893342386
0.357118744488
0.208430546182
0.792087865515
0.0777788970865
0.520738061255
0.494518922149
0.0434101509488
0.259147638342
0.477145159621
0.0774486716428
0.761001006645
0.353507748982
0.514707402365
0.270621962798
0.416666666667
0.265157218654
0.727024212473
0.081689637964
0.636051402056
0.188253633194
0.707160918231
0.205528952744
0.589118434941
0.0956921933633
0.549510200262
0.316794154716
0.742742768977
0.0834198851008
0.303516300004
0.0819907463726
0.550545891546
0.313395779421
0.0
0.0859017049145
0.531499889639
0.269181768769
0.505376259031
0.131592749113
0.574658048405
0.416724058093
0.589118434941
0.0489528130617
0.691161948287
0.0219247980319
0.378405954594
0.0879324255503
0.576943082375
0.225080739736
0.468368741727
0.0817075525499
0.639260867795
0.695217171698
0.12816479351
0.38086617052
0.577280034846
0.417939196931
0.589118434941
0.114815170292
0.69923277225
0.309493149171
0.576943082375
0.35110725036
0.143555708523
0.434421386956
0.568850789942
0.0447113681045
0.650229696841
0.131140438297
0.429894172758
0.41313508793
0.840907090364
0.251907017302
0.544240856094
0.513540561415
0.444459614811
0.228880699627
0.420383287569
0.0563771961557
0.638339303983
0.187142445758
0.0675609281072
0.22284275103
0.691161948287
0.0577095806467
0.695612186905
0.357252013742
0.466053858158
0.216205737117
0.400274398492
0.131978688127
0.60574889615
0.178302249519
0.69923277225
0.0608926980348
0.352598045747
0.546581307345
0.568850789942
0.295445831512
0.515226274682
0.0893304051482
0.853549868893
0.152165165811
0.792087865515
0.431351718421
0.514707402365
0.356090931556
0.695612186905
0.30235642128
0.0283384989976
0.0884879971417
0.11915178552
0.26253035475
0.338146938519
0.0600361684986
0.25586599591
0.0943005146699
0.0724515355414
0.128722833792
0.06668105088
0.107474145702
0.162624725431
0.144649833541
0.110649890629
0.346942613648
0.683462488927
0.428834820044
0.383750797518
0.135645212945
0.246765484027
0.0769503618954
0.314374928558
0.0766092778216
0.0295836306481
0.290311415426
0.201286249051
0.399642490705
0.0916563560775
0.286924391058
0.178779581903
0.23320704508
0.589315970914
0.237306476943
0.0145318910164
0.116989875402
0.237428363753
0.0629738260789
0.286021475393
0.252919820672
0.0869012591921
0.262635914358
0.317223526835
0.225479336666
0.0733060594598
0.322258561125
0.0769388486679
0.043389319639
0.335493771818
0.171859910745
0.316776821732
0.0870442233879
0.243522370171
0.0470996452017
0.304512105655
0.181276305144
0.102154897389
0.230022704645
0.0438345293779
0.11566349057
0.121486698222
0.211374865378
0.0288237290237
0.0744156360065
0.228050635481
0.31902429176
0.0883702890537
0.327122721412
0.103583697043
0.334363452915
0.0722222788237
0.132429617355
0.623941668203
0.0653180662911
0.218563397521
0.0349809558654
0.0666379080959
0.0648196774756
0.117153888034
0.225814540858
0.101375358669
0.0562055688904
0.296409658601
0.332912149209
0.0632866854427
0.348137772492
0.0789807885984
0.262193508474
0.277981948914
0.0645809364568
0.31690636474
0.0795095918307
0.0279675234773
0.32672925332
0.115762489031
0.400512975084
0.225736737484
0.311040548053
0.132992208402
0.132666963988
0.071751428617
0.252388710474
0.154069650862
0.0977010365467
0.0527700659917
0.228659371441
0.195629064989
0.0533184611063
0.105865688278
0.0302773365116
0.0
0.306975070178
0.0798193523667
0.206808009093
0.228414554532
0.117073065974
0.106843677626
0.0603254672979
0.324230138051
0.528629528228
0.230543446262
0.0976798238149
0.0121023772519
0.0681148725597
0.130720990578
0.133923198153
0.174186765523
0.433569250764
0.10912260024
0.345220999506
0.0200741610659
0.15177055255
0.136064192732
0.441655213471
0.316168416001
0.117972025926
0.0583942459274
0.406254518017
0.0888478640894
0.37087025949
0.264498728981
0.273778983843
0.240541910285
0.382854920802
0.737996126716
0.218973279225
0.0397628928894
0.128853616501
0.21637501841
0.323410020902
0.0788475489215
0.257070248625
0.0508319999439
0.047101506526
0.237873035454
0.329504251498
0.341497483481
0.291850245781
0.129713353304
0.02158372107
0.577222093112
0.0575864558763
0.359549746809
0.175970312168
0.0590331896118
0.0912372862241
0.0407249353994
0.0765466754422
0.174555010593
0.184015660565
0.125302698876
0.223015100345
0.127520881873
0.111572596796
0.151022599093
0.131286117535
0.291706322421
0.567013847357
0.0601194053387
0.0689612346389
0.363757009587
0.214955202963
0.0535178873342
0.26658334761
0.138271328109
0.11367727539
0.209558067248
0.064192865853
0.0658181953898
0.302302301232
0.40393985611
0.234731379727
0.0374076788274
0.0462599298665
0.106437518348
0.280913089433
0.22005209199
0.351453984103
0.315940813057
0.0
0.232967867353
0.240121940786
0.105963814176
0.29976891366
0.282074755813
0.0726550644548
0.0470401280874
0.0615113669029
0.35321015606
0.0805389233576
0.0477792881542
0.157446247332
0.303970054467
0.0555124844219
0.0526582120315
0.0
0.106693617453
0.217365201383
0.254991467793
0.109657784271
0.294074142798
0.173555632189
0.249595209996
0.218741990885
0.069392865379
0.0663395872998
0.0520837064386
0.343227395034
0.115380140018
0.0464008033502
0.0924137960024
0.0870573218161
0.252835707324
0.229612156594
0.216964820696
0.508074596048
0.146245122178
0.197406779665
0.0931983339471
0.120958197028
0.177972494913
0.225915771211
0.313048517122
0.0461631916469
0.412805242884
0.103153232157
0.500625131691
0.222723360356
0.0445906829891
0.19186736623
0.0271920765717
0.343517542826
0.0740487402492
0.204033847242
0.0694399093169
0.313159376569
0.250950906861
0.0497813389754
0.223533569659
0.0939159130617
0.251633607792
0.252414798926
0.230789389151
0.364806791087
0.282757090309
0.0709101896505
0.0752827289378
0.499911884343
0.0697543853031
0.191463932204
0.16939916144
0.218034278935
0.121015413221
0.144317184872
0.173082019125
0.0223811077351
0.131299728291
0.308557289496
0.121635412204
0.0529749949744
0.0
0.12166513425
0.275481909998
0.107809557655
0.257263030375
0.326436820969
0.30180413921
0.0989461964612
0.297398760402
0.434271954628
0.197711378003
0.338007572988
0.123195513448
0.453026416727
0.0867434095652
0.360581268278
0.179492417106
0.014287841787
0.0937073187811
0.219873309311
0.39995091171
0.244342560664
0.183893528722
0.107288514057
0.056209221109
0.0889224716667
0.119117466745
0.0406915248026
0.036095315904
0.0860409891817
0.303969799218
0.0811865299351
0.0536882664588
0.406827163068
0.254637429034
0.156373443908
0.23320704508
0.255734839682
0.0210568454608
0.120718276874
0.472029570419
0.0573885502674
0.0806206790029
0.0990954930315
0.099485773131
0.20780969817
0.23474449847
0.097509857425
0.0915579301223
0.0825026608737
0.047339578088
0.0704039968801
0.306991855132
0.0797383201545
0.152001561672
0.0879931004293
0.102471869266
0.0436819897003
0.200880974386
0.34136320372
0.163776245202
0.183948524111
0.103193791802
0.308929735607
0.0793666356281
0.226765631754
0.0962625708331
0.323729133059
0.231522756228
0.150554950366
0.466317879998
0.20332064107
0.0519749534061
0.138758623997
0.10812840596
0.136009642213
0.210464572449
0.0606665395705
0.255040008688
0.180328780501
0.100643676434
0.147322957221
0.0205413718249
0.101921304946
0.0194816146223
0.114046599043
0.0828004119126
0.138386712035
0.164437451967
0.08223280989
0.259107517095
0.117187358433
0.118397355104
0.159821175264
0.182329881723
0.0906186589895
0.291895911389
0.0855775666492
0.523653915438
0.0473312972849
0.0736148915966
0.0591684471802
0.327529011773
0.0788952508223
0.0539595760421
0.105623121767
0.126897932141
0.190160738179
0.2734293741
0.299597154173
0.192123818285
0.194929889191
0.312653750721
0.00384839027893
0.0618453147779
0.23409377528
0.186314010102
0.164950752349
0.213841878366
0.103657666422
0.0486331915688
0.136268267172
0.276989719242
0.125638802981
0.117237664945
0.100468351185
0.178859657942
0.0955955785921
0.0738443196547
0.0746098263769
0.241894207592
0.0761094745652
0.0662248088115
0.0308091157865
0.12633342002
0.0478521087485
0.225307208614
0.0681912297933
0.0676792825586
0.188189735066
0.188159829745
0.203592374841
0.21246085517
0.499911884343
0.125835189515
0.4037504793
0.270583018038
0.043136879915
0.12375061796
0.199306505415
0.187022842132
0.314026778278
0.050466080634
0.220683612972
0.0691633932638
0.30632371399
0.0767878394292
0.124217769869
0.201330279912
0.0938895897865
0.0303384237914
0.210987813466
0.235280208127
0.76774881554
0.377653514616
0.111963341481
0.267358065554
0.329311108536
0.265173325967
0.0361072429387
0.388111207463
0.0262362607409
0.152749412611
0.0149128445579
0.342341083157
0.263946584545
0.205547048994
0.0820908769755
0.104714990482
0.0668653960839
0.0905031634505
0.546919251802
0.0739665459006
0.124810672916
0.123318389885
0.123651970254
0.215458909282
0.229341847666
0.169852663045
0.39712788897
0.30427969462
0.258172629429
0.063050751259
0.0731185248204
0.083050372378
0.0839495200925
0.0639773494281
0.199666428513
0.0706070473859
0.044269406493
0.160243455386
0.261880949151
0.543237046865
0.0946330909345
0.0641261921671
0.332391317777
0.403454186231
0.108783128701
0.32372481534
0.252797184387
0.159268064097
0.213829537534
0.432390610599
0.400226098553
0.0522892411136
0.124120077151
0.143455469324
0.203820727565
0.0337885620506
0.0584771026669
0.0591268840204
0.126023019947
0.0365448831228
0.217868722595
0.0461472533584
0.088615207522
0.194059271002
0.197638487618
0.141450931679
0.0888823330412
0.0910200035713
0.0882342004101
0.216827517219
0.124989376865
0.142543004502
0.328865987214
0.0
0.020388707674
0.351732036382
0.481522572162
0.209286866698
0.126984089021
0.353977068624
0.268089419954
0.136110177366
0.121635412204
0.114556357594
0.0423350970686
0.237124550037
0.286117394279
0.067873813713
0.0750263483867
0.266317702817
0.124903527634
0.189132047336
0.118620607628
0.260307529714
0.268152272927
0.0279470093911
0.05927517196
0.143960701444
0.0610794608818
0.152239032387
0.142179255963
0.0566956919466
0.188683743392
0.119288222322
0.14229585969
0.257027803637
0.296372288052
0.0512313781847
0.143321355307
0.100725226537
0.318455750795
0.53293154785
0.295431212296
0.324867300798
0.119006222009
0.0657864816378
0.108070443678
0.0901772791546
0.0858110185846
0.0918675423963
0.0692784341956
0.0640322070895
0.0390394006629
0.0798412617973
0.296372288052
0.0713872357231
0.0832922500083
0.302052291962
0.0851869012405
0.461602399205
0.0573490416487
0.625
0.0791385207403
0.0742967765512
0.19433518419
0.0819284915106
0.0847316969507
0.400226098553
0.144488541834
0.347759469426
0.147253167069
0.0571011928323
0.249362669421
0.0778802343508
0.29353229971
0.0899975235865
0.131160477035
0.0760448490392
0.47407809172
0.21067611241
0.398946605381
0.181103708428
0.453753959134
0.0732819819791
0.207842683234
0.130405255832
0.0
0.240690609489
0.146907904572
0.137225275121
0.0743059723807
0.452304064022
0.121731458505
0.112403170706
0.042451704694
0.0767975519383
0.274672490299
0.0976210985417
0.272147325163
0.180581655922
0.302147008669
0.139091803949
0.0287734241827
0.223092546698
0.209032986414
0.157963267
0.101554225595
0.200230281531
0.179695735138
0.2799216558
0.259290300035
0.0888883215903
0.168538543733
0.0411706148626
0.0492171367927
0.0758604423441
0.0678727854445
0.0518076704826
0.0
0.200938555898
0.0190846713575
0.260057943146
0.328555844124
0.189466709142
0.466842630719
0.102186278305
0.405499140885
0.201703059025
0.0929191024315
0.459600850495
0.335562410111
0.261546259375
0.0495686910934
0.101850051048
0.257599374626
0.212866119303
0.0653579357599
0.635224769987
0.368376611652
0.283633825519
0.106584887689
0.62731872497
0.0
0.0844464346697
0.412612569176
0.491618585924
0.321350873699
0.324598967963
0.477298856821
0.113951029952
0.047724302275
0.0549264173343
0.165967504125
0.310788385753
0.100301352581
0.483017830285
0.361387155124
0.0690564166485
0.389158953217
0.265264963746
0.137353877896
0.304641545371
0.194873768586
0.216237559307
0.329308308986
0.345907767746
0.193141195605
0.246312447945
0.555133476891
0.0677426486296
0.0496709305757
0.0985525693486
0.0194590138952
0.0443446630567
0.0684203659233
0.22389617601
0.418275577553
0.108436516114
0.208515008207
0.168345506809
0.126369819817
0.159233140061
0.44056589175
0.395909912897
0.212766227714
0.22574832727
0.223206855604
0.102105535293
0.244954358207
0.234347242568
0.066352921188
0.204144502684
0.330772069013
0.0819744045765
0.118261498367
0.281220230854
0.084184792535
0.0930086599266
0.0808503774194
0.0762887423152
0.079878653727
0.133392937593
0.0868763153402
0.337680343487
0.419841091185
0.540561364572
0.108493285817
0.14482917253
0.253032499822
0.162110890207
0.274096913959
0.242266947749
0.227282831776
0.23082810727
0.256567880771
0.25081263848
0.405688263824
0.039090162674
0.0647913859926
0.028863162243
0.264170625422
0.170753986889
0.0454375504247
0.34046268808
0.125538488062
0.105079908619
0.34582186315
0.133711714087
0.0575594127741
0.222946418769
0.114835347438
0.557612490573
0.0808533536127
0.084705420628
0.292720571626
0.071026334081
0.0491475631223
0.468363628115
0.177984829977
0.109916951462
0.0772935919688
0.276174128098
0.0725214232672
0.34545221469
0.0921790261754
0.103221667043
0.253072943192
0.0291691250133
0.340671082101
0.466754766408
0.301596680039
0.0573426131141
0.20678410843
0.363757009587
0.0450248076085
0.0993516830156
0.344033287357
0.114623641869
0.240709983358
0.328850020945
0.0
0.0963483202433
0.292050755084
0.129043600083
0.0511504262037
0.082245328303
0.109153976236
0.0832679154205
0.0755451567177
0.335593722193
0.170348696377
0.151886397028
0.163914840669
0.0165198209763
0.0774756305093
0.108796761539
0.121882472218
0.287596554631
0.083303405216
0.0520465553867
0.100476937774
0.0835329582958
0.115133809198
0.38859159458
0.0795182058606
0.370482452076
0.0852584713872
0.0899975235865
0.560148918962
0.276422444704
0.422158354265
0.251767119408
0.610175808254
0.274948102697
0.0
0.102223596111
0.0833485482037
0.298866961563
0.0125770424228
0.118515612465
0.0881803961921
0.116181137415
0.273787344299
0.162110890207
0.259176116727
0.13574635192
0.216987332482
0.300154971015
0.0825877771019
0.178444679509
0.0544317530135
0.0701203426371
0.309205517545
0.209168460315
0.260196579045
0.114104753041
0.0896685253817
0.0815211944084
0.107841118387
0.51437488502
0.0372585732278
0.173065918716
0.211593686346
0.252713995506
0.0796103939654
0.336400535833
0.109049777688
0.0205869983248
0.0871049962253
0.363344346389
0.114404118357
0.371122954015
0.370463184734
0.286060381877
0.171759399396
0.0617691222474
0.217042344833
0.19144024653
0.103982083454
0.488668712391
0.33661132133
0.397723570958
0.366902678832
0.166036912601
0.149183519311
0.407607762321
0.0671857238994
0.263613413056
0.302434757923
0.0371451550829
0.205474853116
0.227210262839
0.106698156508
0.0639183023903
0.338824242471
0.301681385558
0.311066485794
0.0512388050109
0.193062450109
0.160509039715
0.346499831576
0.207327064976
0.0398081414198
0.0688612343845
0.0751754337454
0.330313248776
0.240019698953
0.231979913817
0.0
0.319518119845
0.0451052637035
0.357137662861
0.0513732512148
0.263834835921
0.310594998976
0.0790354340574
0.11346608521
0.382043250241
0.0577060393073
0.488513499114
0.146392544897
0.095033366926
0.0599536160112
0.402617270255
0.559400008293
0.18272193661
0.295631216992
0.286242998977
0.204610578878
0.312932690812
0.203406801956
0.327728985317
0.19467681623
0.106995396072
0.108489160979
0.205735049428
0.408800073926
0.386586863067
0.19542421169
0.277547608529
0.0824959802853
0.173934007851
0.358878719829
0.108489160979
0.325063606208
0.0201360129895
0.289416716717
0.224177202013
0.168070252675
0.198035266265
0.271900393376
0.0898051908166
0.100544482411
0.583526902832
0.445093729369
0.39416824546
0.187660232213
0.0330084180119
0.153448456134
0.284685400431
0.131978688127
0.1277739776
0.0428793827707
0.339638017384
0.121882472218
0.0618754772364
0.427619151626
0.13904872365
0.409749192661
0.409861904891
0.455676905375
0.345220999506
0.0695611479224
0.0435288887115
0.0243090687868
0.139983358762
0.0320985065744
0.256888111657
0.253779453344
0.459600850495
0.108375280064
0.137690366774
0.099933584205
0.0489528130617
0.0813409897502
0.228833936869
0.0616476432067
0.291035965556
0.312754622376
0.302156840277
0.0475218337858
0.33616067113
0.26182176777
0.0661135397155
0.227057533306
0.0446928837383
0.112858279082
0.253182773669
0.208968389919
0.0885583139485
0.0
0.273384025448
0.0835066301576
0.225307208614
0.0560299501216
0.156743400979
0.0953133827714
0.100391605206
0.167534435228
0.0920859311163
0.0996832512918
0.047101506526
0.0944755854632
0.16290574627
0.243874937207
0.113419268369
0.0744101428029
0.0754215783814
0.351146799429
0.0677736061952
0.218430451604
0.138141886383
0.0466391966959
0.107899872067
0.125740549777
0.0422620968177
0.159694738587
0.0492854977943
0.222159058662
0.213966481697
0.111955506544
0.294134206807
0.0980620543057
0.208231310767
0.0661267786628
0.774249796298
0.10481056007
0.115489169803
0.0826668532446
0.321510817481
0.236657244812
0.219590693108
0.023128571651
0.0249834532725
0.496346670131
0.117279436453
0.540811737566
0.375676133822
0.137598291941
0.0699155689402
0.0204166650585
0.292128527115
0.0738389345266
0.0408098864128
0.672088293832
0.200500050247
0.369820987372
0.104850893064
0.0941022459009
0.0
0.308235655318
0.120086173752
0.129750043342
0.0695817813257
0.0616444806505
0.1081121558
0.391267160595
0.130103702028
0.224636760258
0.112858279082
0.0681148725597
0.259514827556
0.501260784057
0.30041038953
0.0757968326436
0.274178951437
0.0441514045624
0.261016844007
0.217970388751
0.0
0.101875919053
0.0888883215903
0.261926228307
0.444054698962
0.180330690705
0.253074123531
0.248129782647
0.0507092522197
0.110863688771
0.239862096657
0.0835025068478
0.227922302335
0.229673849935
0.178144013161
0.275380154378
0.091846717006
0.0848573480329
0.195469376014
0.254109371004
0.347712529247
0.221202816184
0.173575279891
0.141403861484
0.298925338335
0.0616415460473
0.353305389927
0.188742215424
0.110495785038
0.34364837988
0.0692816431186
0.146333093904
0.274766327422
0.0768889211685
0.674665042493
0.249168698273
0.203433319639
0.0309945252095
0.185151798244
0.12581539088
0.106536200962
0.363757009587
0.0
0.136757064734
0.0571416004868
0.107411693746
0.104888255749
0.300434913262
0.175092151479
0.106637734356
0.102901032015
0.135104835889
0.139323714264
0.144191606848
0.10595183994
0.146580417909
0.352423095993
0.352559049411
0.360679674664
0.115489146797
0.349740837671
0.33261093805
0.358186357552
0.0858004142542
0.0278488763391
0.117356880003
0.25362951406
0.30427969462
0.0982603497302
0.21067611241
0.0890870009425
0.496377839338
0.119220198761
0.181380409239
0.205795965322
0.306363248458
0.281220230854
0.256281102322
0.0770729541501
0.0972651488651
0.280919644154
0.454904809142
0.030578037357
0.171408021525
0.118427848195
0.835505715809
0.0747137931766
0.0598238790669
0.336223443979
0.107988757253
0.166817516913
0.196277919548
0.0999274609746
0.113390264465
0.0176755136626
0.120747532189
0.020195445062
0.279665406325
0.247335531737
0.592974986431
0.0722863629966
0.266849884698
0.154531091986
0.219046504653
0.08672545262
0.310800359111
0.0439548594903
0.144385906314
0.0627197532258
0.11500274558
0.0698441151467
0.666675531383
0.111731090689
0.243614211911
0.101480140658
0.0880748808562
0.174262101902
0.0846271990559
0.0818024241572
0.0905989981944
0.263926792963
0.245016602276
0.334055271284
0.172391645821
0.256256036864
0.089840557825
0.0882342004101
0.282584534792
0.0380179819103
0.370428018083
0.288022024705
0.263850019436
0.0795307386735
0.0625981332355
0.164664694479
0.108212846962
0.111186836048
0.496068821206
0.0
0.066557006845
0.246254353872
0.268625774363
0.322666340599
0.0482590219367
0.0267028295135
0.149921607869
0.291708745821
0.0321759096854
0.173028040021
0.0251961985247
0.105571068521
0.10481056007
0.0173108225174
0.27462944867
0.112179636407
0.211714443957
0.102911414319
0.232521002442
0.163161630768
0.351613246128
0.222168375125
0.3736598363
0.308892424765
0.419766265003
0.30307026006
0.0909545371784
0.489573125152
0.0438484293611
0.0931318160716
0.245930132749
0.209437003306
0.164870077407
0.0741805692218
0.286836168483
0.244937236417
0.262216733109
0.0428164769092
0.0693452408358
0.0854760249337
0.208723371623
0.0873041859354
0.356845976548
0.349143300968
0.194300731543
0.543237046865
0.24300371509
0.196369542686
0.0715834217523
0.0
0.0673308100905
0.151744145998
0.111897349067
0.173866384332
0.28468423437
0.170490242392
0.496346670131
0.0
0.33485680431
0.112696113666
0.0812340585814
0.238756223032
0.409544563783
0.0625750299469
0.212827758547
0.431559264158
0.164145487119
0.0459742836315
0.382638081215
0.222302214692
0.159969996839
0.048494772408
0.198808368842
0.0843847244333
0.194749574859
0.332863351556
0.0
0.377942071184
0.232067602308
0.196440458502
0.0876343542181
0.282074755813
0.295823241932
0.0554203894023
0.123869452722
0.173045207403
0.499099555623
0.271892423153
0.13871965128
0.234624973512
0.0555652415397
0.331124191063
0.049346156693
0.259035805284
0.0752226354469
0.393067432895
0.0580934896499
0.0664801618068
0.197268148312
0.0865659675895
0.139035207438
0.232857213768
0.28198016995
0.150706319796
0.278909041674
0.125833040967
0.129599708155
0.188608549252
0.237257785317
0.338180263118
0.202816811795
0.051481651447
0.198796011856
0.0918486948852
0.0379847523801
0.835505715809
0.200540965508
0.0780471207918
0.315286610207
0.171013370324
0.48181470434
0.219046811971
0.0370729370663
0.305804354011
0.594456183098
0.230651051026
0.018658975829
0.0920645396358
0.331805417256
0.267755954751
0.341420123508
0.446562152987
0.182837490826
0.31180471842
0.744840502424
0.245323179525
0.218548887164
0.357207885105
0.320295357446
0.362169494487
0.184792028317
0.615609084029
0.244542232845
0.542929255199
0.274974889126
0.366590901969
0.156416468655
0.0736725802588
0.223486300268
0.069869574411
0.101684008966
0.245323179525
0.0986720260547
0.0194363145401
0.116090318059
0.0902756788894
0.136269111822
0.106552316805
0.147493068437
0.28212989927
0.0652304432946
0.154008436695
0.494152064823
0.0792890339678
0.423419477933
0.0
0.0954221074138
0.0199932249126
0.0791618799393
0.401465632641
0.332505138482
0.173210584853
0.250173962461
0.112325656331
0.0470432138896
0.124206199153
0.196094763153
0.0163725866732
0.563974046836
0.369053367166
0.130808397246
0.0251961985247
0.0419341812775
0.178526151631
0.248861083913
0.254386451421
0.448836216791
0.0978109831054
0.121179310171
0.284491823029
0.245016602276
0.204232856386
0.21695872767
0.392594831811
0.126149182748
0.588270125605
0.40138544905
0.215817144642
0.258828371669
0.380231499483
0.147556644852
0.0791372220757
0.177864114938
0.559400008293
0.0843577589273
0.0551717907392
0.301153195061
0.19342474905
0.194825524431
0.443380666796
0.0938260984503
0.0535764233911
0.328425502778
0.0472547026061
0.220191057452
0.227211837768
0.247850207215
0.0552678895298
0.0929938096397
0.200282351642
0.072988351299
0.113391849998
0.0550006122314
0.111331922392
0.0955955785921
0.215736968665
0.185559898086
0.0684328154851
0.0693767961724
0.151169323426
0.0173413899222
0.278289387532
0.120470327997
0.0769347652144
0.224589265057
0.118069690912
0.411080827185
0.0548575924057
0.295323306995
0.0876397994523
0.0699875674962
0.19252604704
0.0872219914006
0.0791919274979
0.0696531774382
0.108202564887
0.379589502437
0.449588860219
0.268701254274
0.206014828871
0.292301656743
0.259432970148
0.0857860409004
0.308868201868
0.254476935211
0.110523875603
0.308245857206
0.364806791087
0.541814234305
0.390634441852
0.0733060594598
0.0898330545344
0.0335656337516
0.224004741194
0.0911521272821
0.115847632285
0.0697680540059
0.128636100848
0.148343853351
0.219686454923
0.144624864232
0.183628734477
0.267794219397
0.195355070271
0.0795455567599
0.289013779791
0.338848949887
0.246312141918
0.230635987072
0.176856250754
0.0641365199533
0.110430868324
0.171507083056
0.189276066015
0.320093705796
0.0764076795961
0.161765300675
0.0890781404266
0.0882025085536
0.0998613845397
0.279644457511
0.28173509093
0.126781580161
0.0355921593607
0.0280574141431
0.289934925081
0.0958579253453
0.113482856497
0.218362011094
0.0407521356411
0.249692808031
0.237873035454
0.31686690695
0.141228292514
0.0
0.261926228307
0.23163784406
0.208795067959
0.295974400329
0.241408299429
0.268078773929
0.0652165923511
0.813079710416
0.158967159415
0.0898492297115
0.377442742715
0.330903506281
0.322445369601
0.0515762094945
0.0737716849745
0.178892879665
0.242676793341
0.0923149548648
0.242676793341
0.119868750648
0.307281773603
0.152644604007
0.316187264473
0.054004107358
0.0653110107432
0.0998130338186
0.122098958339
0.0235601727722
0.200540965508
0.257750711568
0.0949237003391
0.0323385551802
0.259218800353
0.0428240643231
0.0835827087189
0.152060393361
0.258293103598
0.0923149548648
0.0424795396532
0.122769445465
0.0833421924725
0.221824491772
0.0620652232941
0.148631791204
0.41227742575
0.047483712711
0.193141195605
0.277223890595
0.378459611158
0.149685919277
0.104302203306
0.0899973951851
0.159483524108
0.0644246219462
0.234184469997
0.337993407919
0.197582820428
0.179245057856
0.166043892056
0.11015307897
0.0731690223427
0.150182136738
0.135221925669
0.31842537687
0.0370375150888
0.111607620575
0.44581682752
0.375043711924
0.203128490889
0.308987448068
0.0985966218423
0.0791913884928
0.0600007791101
0.115580172036
0.308512862217
0.107688893046
0.0556125575666
0.109608765797
0.0517983248972
0.079267082327
0.201639552253
0.232332744633
0.341029074434
0.0718401585414
0.254906118045
0.291580367101
0.209274718556
0.134290799862
0.0777096211903
0.288786305682
0.146392544897
0.0928386544654
0.0801231229375
0.19961122926
0.199941586554
0.160782835042
0.154553958314
0.353977068624
0.0565948911024
0.299982345198
0.0
0.0707020811337
0.0607957824598
0.231423139165
0.0658778014456
0.218788660577
0.0656978025228
0.110153313277
0.0412627104005
0.252786417508
0.110495062198
0.407967910546
0.227538695496
0.225805691542
0.0653499383258
0.0489462570137
0.0495090934336
0.284615652942
0.074447374014
0.365245471885
0.0590331896118
0.0656105571228
0.328103868744
0.12645900954
0.493461387423
0.113228046212
0.180247120315
0.0213154078145
0.438311204915
0.101045185302
0.203949439994
0.201765038185
0.369665855256
0.0676036382609
0.294966397646
0.135927524902
0.112499918421
0.106323804398
0.0851325566834
0.539690948156
0.245323179525
0.344191898963
0.303757723651
0.29901068105
0.205695510072
0.206910226366
0.188683743392
0.152506407726
0.147211916207
0.140644301806
0.114657400281
0.0562611007009
0.228032008939
0.209490094532
0.279073498361
0.114104753041
0.349685459167
0.32788309043
0.238572380127
0.203520756521
0.282405687415
0.109854721227
0.278661528198
0.0882580095546
0.107411693746
0.343075769527
0.110886921232
0.22111879859
0.255037945487
0.434691445433
0.241306959324
0.41882430075
0.486599010611
0.678346150787
0.0590063896697
0.273787344299
0.291025926752
0.183646029665
0.115795319846
0.304476187268
0.0908744712658
0.086317858769
0.0692349922013
0.144649833541
0.366560111901
0.111106868922
0.128316808326
0.357756637146
0.128893107999
0.320189551916
0.0429295360534
0.527226700639
0.386778349433
0.341668381963
0.112772270764
0.350465927534
0.270036702068
0.150019533631
0.306253922736
0.203213664318
0.148794039664
0.422313090029
0.0611493296278
0.0467687240332
0.0868410640015
0.0457702524279
0.058174600693
0.123371663933
0.0187941567418
0.391678686715
0.0638994187622
0.261359185697
0.176299105151
0.0341753066287
0.0591431660462
0.275216471389
0.298228615145
0.237947572045
0.108544755275
0.0551610467741
0.128323366331
0.267064671315
0.266746942037
0.031337071704
0.0724665245874
0.160674538479
0.241207838292
0.280298526806
0.0706653771499
0.123651970254
0.0990116842574
0.342078928631
0.209237439504
0.133626314795
0.401862892387
0.184402132059
0.0755534433868
0.0680603221538
0.102100632509
0.209382699133
0.767929827059
0.312341487961
0.354333214566
0.0418952275925
0.0646009495669
0.0243090687868
0.084188192706
0.0923995543292
0.138029622546
0.213986740623
0.217441682153
0.0860409891817
0.489319817259
0.0754551392246
0.0951450788348
0.125315919867
0.283504608448
0.279240037
0.0655652460379
