0.260892112249
0.0502694781015
0.749925002314
0.933552201648
0.190407702491
0.421856968152
0.884222792097
1.0
0.50312027015
0.79987882779
0.837918472077
0.776907611086
0.27494286163
0.277039513779
0.876669228068
0.905583253043
0.373489416
0.605001323916
0.837918472077
0.926071445677
0.283420611289
0.255127186062
0.655954090057
0.872759856456
0.188505860901
0.724756607132
0.780960289505
1.0
0.310739021978
0.487787981189
0.767140049703
1.0
0.225860120631
0.535966747906
0.653278742982
0.503835723447
0.400277354466
0.758054871772
0.837918472077
1.0
0.248411176642
0.416666666667
0
0.964881190163
0.32019024309
0.35330439235
0.929957977202
0.791204467579
0.0991379031492
0.688097971459
0.858951744642
0.843805794492
0.321651394012
0.743704020502
0.625243119055
0.875
0.370299534917
0.491251183956
0.779985981553
0.905583253043
0.499497797304
0.634766369538
0.81268733737
0.882609211701
0.467798910042
0.259980336514
0.755055844171
0.881134982777
0.382742071321
0.675360024099
0.774495303437
0.268404291821
0.56711979584
0.654795154644
0.418856009667
0.629250244398
0.870886904696
0.308232787101
0.57547813515
0.89678766807
0
0.415983396043
0.637767589659
0.40754989669
0.677880495371
1.0
0.408611453947
0.79987882779
0.797564050956
0.352927953364
0.742266779189
0
0.153282344645
0.57307261205
0.937158409039
0.264051920741
0.797168643743
0.755055844171
0.171846943182
0.469273169002
0.277660427444
0.490705062643
0.343891051125
0.290113890449
0.0787894817615
0.583046729922
0.356489956112
0.709548662844
0.282964931824
0.48547437978
0.267888645894
0.38961244332
0.350607199623
0.617398284166
0.103797982138
0.670153956634
0.193116281585
0.468865456832
0.218668521786
0.782019902043
0.127856250591
0.4687959179
0.303415818386
0.730417107444
0.222966898734
0.822028913147
0.341616731699
0.437808590174
0.369615833378
0.600317271645
0.526776993803
0.506256923147
0.417897110421
0.242100456325
0.334020040339
0.475342464
0.309800567622
0.549513792545
0.233959208045
0.881610374045
0.222356538842
0.615222351547
0.604177769823
0.135745211449
0.293421983344
0.534883958061
0.216356991298
0.784400570846
0.418704811363
0.665713718327
0.344382244393
0.416666666667
0.37275554843
0.745009742156
0.0617367640662
0.73519624368
0.29325434276
0.743704020502
0.370068225769
0.596429510328
0.204315329753
0.609547118449
0.401193099858
0.803272018682
0.211784020369
0.461712290929
0.25638821704
0.5374422643
0.359614437888
0
0.0913647300399
0.580359872294
0.364227828748
0.59277742793
0.223074484695
0.7334585885
0.494005746022
0.596429510328
0.153077329031
0.747984130104
0.0685596866116
0.492002473857
0.274968076329
0.634766369538
0.397912346241
0.578341043696
0.164489765227
0.704044874763
0.697578565815
0.21481475778
0.570596945578
0.664781007166
0.531151243296
0.596429510328
0.239706169723
0.73257890162
0.436037365397
0.634766369538
0.530715619221
0
0.52101601719
0.670153956634
0.139814167536
0.748693252959
0.410081193845
0.458029586907
0.493653520508
0.868429901347
0.316885434696
0.638342858385
0.520845261371
0.519045622019
0.353093863091
0.541813072673
0.176293660487
0.723282735181
0.296554531772
0.211265620394
0.289400791062
0.747984130104
0.18046007803
0.739455101138
0.467488633877
0.544565794577
0.294048202277
0.471759336541
0.300627433963
0.685503185523
0.287701628352
0.73257890162
0.14982697748
0.479652137335
0.645661539455
0.670153956634
0.33865323763
0.540001982248
0.188603562579
0.896551217501
0.475826325333
0.881610374045
0.474709735414
0.665713718327
0.498849531283
0.739455101138
0.377202302063
0.0886155761843
0.276705370061
0.372592215563
0.358358765612
0.456029106601
0.187735407717
0.390703810107
0.143787633093
0.195507655852
0.282974585623
0.175454391732
0.286486058659
0.313398617381
0.316728679529
0.275163994561
0.48288661634
0.719187848795
0.543343552614
0.44883654975
0.336998353482
0.379735532812
0.240626740941
0.451788596763
0.239560157925
0.0848684749298
0.463482019199
0.283786092392
0.505233977546
0.273613189373
0.46105475087
0.255187991229
0.400062875314
0.646354572315
0.29839546678
0.0454417820637
0.226360729195
0.431567930128
0.0574504656566
0.354428259515
0.402621081101
0.271743579471
0.354857302041
0.382726603481
0.396158694973
0.229230867075
0.421133671006
0.124364813396
0.135680071142
0.481891671372
0.319571958839
0.402949546856
0.170944939134
0.409491643209
0.123282843232
0.396153462035
0.281274275544
0.195467972468
0.356726470064
0.137072259117
0.295983338473
0.250753660444
0.37572653823
0.0901329091363
0.232700555608
0.236596813851
0.449237911207
0.20611436652
0.476951747993
0.227055266491
0.423822510615
0.174041384359
0.322792136509
0.683618347204
0.204252105241
0.356704862533
0.10938679426
0.208379301322
0.157566783359
0.296609158146
0.330567662228
0.245055262877
0.175756975428
0.39512478723
0.373008229276
0.177154306705
0.468253986301
0.219081741268
0.394481492785
0.378405216075
0.201947071901
0.428796020502
0.176680169078
0.0874555214656
0.440166753198
0.163247422938
0.447683321699
0.358752348844
0.392403789355
0.237880047524
0.343335782486
0.224369476643
0.308616232299
0.264339017002
0.305514898588
0.165014025744
0.219129367066
0.317839681098
0.166728878357
0.288429905954
0.0946783956529
0
0.392712594594
0.249598184478
0.327371781973
0.326841345403
0.251526424721
0.295726881768
0.188640056188
0.325695437594
0.589525635781
0.320292975231
0.248627002109
0.0378445990899
0.212997826
0.408769564698
0.319603534727
0.259927767306
0.468283624696
0.240501432289
0.424695813822
0.0627726736487
0.338995441712
0.268572964243
0.540241731575
0.456911181486
0.312198898416
0.182601052693
0.406392781861
0.235214515258
0.47615233649
0.348514044533
0.351841988406
0.427517351404
0.439367418187
0.756776727797
0.306783058746
0.124340095234
0.30884256038
0.348690980767
0.415443191011
0.246559317732
0.360015631284
0.15895361868
0.147288222298
0.339230055838
0.491565409608
0.327101460268
0.469572056422
0.29404175596
0.067493125835
0.635124532047
0.180075062138
0.439846894063
0.301651048867
0.184599054166
0.139632676451
0.12734843916
0.239364397877
0.29882938752
0.347030174527
0.314342408015
0.372686759641
0.296926652928
0.249122546344
0.263046809836
0.216826863027
0.372679471283
0.709554877849
0.145379519929
0.166940235527
0.529756884569
0.313533188355
0.167352491841
0.235883050215
0.432379760523
0.242475784537
0.294995767054
0.200733560199
0.205816028166
0.250629505
0.571847965861
0.277835384951
0.116975250287
0.144656579719
0.332834213161
0.456794570359
0.335327757884
0.477240197105
0.367572855943
0
0.318614408782
0.261061286882
0.254213344951
0.429305735563
0.421337451088
0.204466555279
0.14709628956
0.192348409859
0.415047697932
0.251848310639
0.149407671515
0.216423165365
0.257737484783
0.173589673641
0.164664254109
0
0.190096027241
0.335424024865
0.36406686609
0.176990062884
0.420379224107
0.277055878626
0.362682694868
0.385216048475
0.216994158694
0.20744644072
0.162867753026
0.539480586257
0.304104131751
0.14509709652
0.285942588922
0.217992828186
0.459754331255
0.407812935566
0.422760302643
0.613447695989
0.212464838721
0.251752453049
0.212587559778
0.28771021258
0.256909019069
0.365543355293
0.415996644605
0.144354075586
0.496223318739
0.267679659242
0.618706542438
0.252792905203
0.139436780539
0.243766890382
0.0850306691702
0.483938703153
0.231553258465
0.395025797106
0.217141266897
0.462036943376
0.393195776712
0.155668161426
0.381166192019
0.293678671885
0.444881277388
0.40205005589
0.411494187046
0.467883764036
0.336847797293
0.221738890043
0.142431248358
0.67609199398
0.184548266997
0.294852442426
0.300777332087
0.398538224297
0.138219605556
0.265966784147
0.262291909475
0.0542557814642
0.265795004341
0.455588176767
0.380358611718
0.165654846554
0
0.380451553699
0.434316822614
0.197653522551
0.360275573998
0.447761418292
0.440569894612
0.309408561526
0.458079299363
0.508689714779
0.286778007836
0.484434572608
0.195401430414
0.503108757472
0.260903229125
0.539901215028
0.282688798876
0.0446786307381
0.184548859324
0.222648592965
0.485604650564
0.381334322498
0.143788608021
0.230891976753
0.175768396056
0.182751794893
0.261218781236
0.127243962939
0.112871440956
0.269053482065
0.374606721109
0.253873401312
0.167885273916
0.511495398507
0.392296077093
0.279544307503
0.400062875314
0.334788977568
0.0658455655429
0.357433920268
0.514636099164
0.179456203688
0.252103963686
0.242076961253
0.252982875903
0.262409167154
0.32892470635
0.0848858343918
0.166979885306
0.189803117231
0.148032681228
0.137506458946
0.343361153972
0.217465682711
0.12217432078
0.275157809009
0.0957300205113
0.0994530876035
0.35110856525
0.380728351285
0.250370829629
0.311434848252
0.322690955506
0.452928805802
0.248182521826
0.379920328125
0.301016760982
0.230925152422
0.359345398349
0.301029687044
0.540934340137
0.275702415385
0.0850437279512
0.183424824825
0.338121683749
0.231597506346
0.270711061124
0.189706602301
0.418012851154
0.349545518781
0.154761402726
0.296802530759
0.0642336596598
0.286832729248
0.0609197581319
0.167380052243
0.197872111589
0.273212686207
0.393028234247
0.257145158968
0.410765534022
0.366449376516
0.196289521055
0.256983917488
0.330321277738
0.211418649307
0.494958614889
0.267604341984
0.751219908001
0.148006786838
0.203985743772
0.185022009784
0.433351799771
0.208226056634
0.14087703886
0.256704166166
0.313759437669
0.346912683535
0.441884377026
0.198624411091
0.270603692179
0.319394717078
0.396536806049
0
0.193392677707
0.352460823348
0.397300906082
0.246401611734
0.289020421623
0.183976258867
0.152077860331
0.272181330955
0.385778578287
0.265272681485
0.28211937972
0.223770456031
0.207476610391
0.298931050594
0.212749291836
0.233307796364
0.401906080178
0.237997253921
0.207087523973
0.0963412898961
0.227127835457
0.13866415751
0.279136614581
0.213236598006
0.211635719315
0.337367832047
0.292961015766
0.415074679761
0.342697471675
0.67609199398
0.326022459055
0.533679528976
0.423243864821
0.134890682417
0.268660909872
0.362023858071
0.422111324381
0.460828915857
0.131981391539
0.251967874694
0.182848633897
0.402264168548
0.240118526939
0.263194379107
0.321568825995
0.219583699889
0.094869417926
0.314123257412
0.423216099694
0.805501228762
0.431159585268
0.321937692729
0.216167351546
0.406855272112
0.348806697126
0.112908737252
0.469175211386
0.0820417963093
0.283067068214
0.0466330384385
0.361456580669
0.475629631009
0.338340859136
0.225707749222
0.167314305283
0.161124410148
0.265815352034
0.600476573596
0.231296233576
0.219823083723
0.285010042401
0.253235734475
0.329987191076
0.280174636825
0.235366509896
0.462051715553
0.331622705536
0.363207187094
0.197162123941
0.0916984293788
0.226323400507
0.232073254514
0.20005963205
0.344905820323
0.0309552746325
0.13843213658
0.339605371848
0.375778787286
0.554064773819
0.201060532749
0.200525069019
0.409620858784
0.580873535408
0.231691496718
0.434960937304
0.433530591043
0.287821594461
0.398879630584
0.565184014074
0.542509582683
0.163510467859
0.191632716103
0.219696855477
0.288677477746
0.105658132945
0.182860148904
0.184892040185
0.274720114171
0.114277254938
0.324526184868
0.144304235945
0.186112966534
0.398997003393
0.342977194668
0.342700281531
0.173335140868
0.266715217611
0.275911737921
0.364222426415
0.390846588195
0.269163455074
0.376374772848
0
0.0637562729889
0.421387360112
0.634267842827
0.236034749883
0.286392772447
0.473185649422
0.395192914246
0.243534476161
0.380358611718
0.203254235392
0.132383476622
0.395235544841
0.362940480885
0.163816556866
0.191025554742
0.378583550888
0.250684140781
0.300881320128
0.196592314008
0.446114063911
0.35998292685
0.0873913731293
0.185355742275
0.310929806882
0.111300045814
0.345022419127
0.232293977772
0.135964835655
0.39631144643
0.173383740044
0.334765229766
0.416058768039
0.410264747966
0.160202489798
0.18162660123
0.314971656989
0.41413072739
0.564236241501
0.40643552504
0.451157933179
0.237462548065
0.205716858044
0.213966113211
0.167356100164
0.268334355164
0.28727333804
0.216636327983
0.200231174067
0.122077707218
0.201700441249
0.410264747966
0.223230631458
0.114013403159
0.465945480179
0.266382716227
0.557182430415
0.179332658718
0.625
0.203561626042
0.23232887752
0.390756169542
0.252479326285
0.264959274907
0.542509582683
0.325029308494
0.457452335755
0.282573191198
0.173357721567
0.301183004198
0.202025228855
0.434526450548
0.281425717306
0.246735232845
0.237795167416
0.539538596522
0.368029797259
0.449881955945
0.237133737856
0.595113314196
0.229155575867
0.107544412396
0.217946572114
0
0.316301898547
0.289281040929
0.26828646938
0.207596183849
0.592579290875
0.148207101714
0.251866815872
0.132748113151
0.0851809980088
0.433503748858
0.227291163232
0.336538874959
0.564685782729
0.326770552677
0.137380665006
0.089975603964
0.388161924423
0.298560039569
0.17317365707
0.308649847146
0.336970762326
0.310806767615
0.396742129818
0.313556455901
0.0998156151043
0.277233011303
0.128742095981
0.153903879503
0.120992595349
0.212240810281
0.162004577976
0
0.244283709557
0.0596785012777
0.375818433969
0.369615833378
0.31436328788
0.444049965247
0.224899311504
0.537947702887
0.27286002477
0.29056160671
0.565673966248
0.358131985697
0.043025709799
0.155003203321
0.318489026492
0.294129079945
0.293717580524
0.204376778603
0.693943884576
0.531541614682
0.456010054469
0.0892205997538
0.742293228765
0
0.264067248784
0.560985043554
0.583896067165
0.437666285058
0.522621268491
0.535364575115
0.219440940947
0.149235728556
0.159685812745
0.329704546935
0.344253461788
0.254581475098
0.55373385889
0.421058712943
0.215942070575
0.507902193607
0.404931818101
0.318649206657
0.462008110764
0.376011536237
0.274647788182
0.527542332969
0.552584796013
0.295303986488
0.373533926349
0.583149538099
0.211833867456
0.155322910114
0.215196934215
0.060849084789
0.138667466749
0.195356967458
0.246635248494
0.468294338539
0.208771239872
0.289587668897
0.254222763261
0.283163758435
0.321652166014
0.580027064981
0.462397201848
0.31732675061
0.389920534813
0.376095485415
0.319287935551
0.287398045502
0.323162434381
0.207488136301
0.310060706313
0.437298871814
0.239617302194
0.255390773061
0.453409258577
0.221924310348
0.246934084684
0.252822239468
0.193275003054
0.249783622112
0.26464750099
0.271665579087
0.399525221214
0.481974243798
0.626836946891
0.258089015024
0.232246780299
0.365598223301
0.331813260643
0.342639247627
0.348179063527
0.35621574609
0.357173204342
0.285794835633
0.377993486402
0.475521738888
0.122236441979
0.202605155693
0.0902562183298
0.461436540864
0.298428404718
0.142084967578
0.482471092034
0.392563680025
0.271884751801
0.419284256276
0.289673576175
0.165982591666
0.308253180256
0.359094547682
0.472424304205
0.252831546139
0.220600564887
0.348138229432
0.136869732968
0.15368631996
0.57470416967
0.285371582574
0.343714534319
0.24170003458
0.289015894144
0.226777279526
0.421285707162
0.272642200603
0.26964627092
0.390234920408
0.0912129756789
0.29876599423
0.59557938525
0.415956248253
0.179312556443
0.331233000916
0.529756884569
0.140794304919
0.203059936131
0.439819390325
0.213954770696
0.366889425194
0.36388445197
0
0.294917672844
0.346043687348
0.292056161285
0.15994934984
0.257184304527
0.208730808286
0.260381973769
0.198195034777
0.489091213205
0.284792468771
0.263705180513
0.185352759621
0.0516581154987
0.189333284818
0.172329765335
0.288249253251
0.411728764016
0.232598729667
0.162751580258
0.209591915763
0.261210773033
0.330510153786
0.506689754091
0.248656487772
0.48659934575
0.251749649198
0.281425717306
0.631836858243
0.39726608691
0.522465987363
0.397328414161
0.662045819325
0.404225267498
0
0.31965711627
0.260634115583
0.402808868093
0.0393288953336
0.276095938745
0.275743490062
0.269285942937
0.413657362385
0.331813260643
0.436066940222
0.332743234071
0.347655084496
0.3880288996
0.240410366569
0.316203684527
0.170210184965
0.219269008057
0.485781703032
0.228670127999
0.385806616315
0.216869240921
0.264054370674
0.210643367042
0.230682892993
0.61090751588
0.116508991343
0.346205258212
0.30715518497
0.382666934736
0.248944763521
0.431551195886
0.255770503401
0.0643763354794
0.272380673009
0.44249067423
0.287235683117
0.48695357144
0.473920167619
0.392237489998
0.334062758198
0.193154420734
0.340331337247
0.31502810888
0.148049802025
0.636681708886
0.316642021333
0.329386289826
0.451739594782
0.0976911221436
0.377949516167
0.515506966745
0.210092342407
0.284212676994
0.420043314822
0.116154328442
0.284625712178
0.373621466578
0.258102387305
0.199874989692
0.397771138644
0.308754937587
0.451688524345
0.160225713769
0.379211999101
0.159180600373
0.463132082065
0.342678061048
0.116146306427
0.124933786276
0.235076472357
0.501142617544
0.303149448618
0.377360003734
0
0.431935193273
0.141045894222
0.532087784402
0.160646132219
0.248520284022
0.407721407563
0.228045152253
0.230838491783
0.450200475796
0.132766573258
0.641334474755
0.290839487191
0.188695462869
0.187477262914
0.50439953059
0.614844828383
0.301278401203
0.392690570382
0.451959853989
0.254725703692
0.283495953989
0.24699538952
0.394648678424
0.278567600195
0.102126867778
0.233484186599
0.298364842073
0.522350423008
0.566291640246
0.300087058807
0.373684555599
0.135930881413
0.294842777476
0.501841341691
0.233484186599
0.470588704207
0.0629660869925
0.373257589031
0.342025596331
0.338954963654
0.303760763511
0.405910045214
0.280824285338
0.241799746764
0.671126312822
0.579367246419
0.431397161769
0.318231109868
0.103218592534
0.374169732251
0.487363464285
0.300627433963
0.244586241461
0.134085478944
0.45461445439
0.288249253251
0.0428237604527
0.48636614929
0.299629452799
0.536838023237
0.534163775305
0.504103845981
0.424695813822
0.186526804615
0.106031347998
0.0760153929546
0.207495322882
0.0764672106169
0.277452836278
0.421386782417
0.565673966248
0.252139317227
0.275000415155
0.273754185893
0.153077329031
0.226948857087
0.333817231783
0.192774551102
0.395035020755
0.348798316456
0.320254801091
0.148602601804
0.389442048626
0.40760120256
0.184411625485
0.362882528176
0.139756366212
0.288342220433
0.32604427237
0.322579542716
0.2188122908
0
0.38782208356
0.0441733834842
0.279136614581
0.175207808784
0.321338322779
0.215399066573
0.110785001556
0.283704989452
0.22419802612
0.234991248161
0.147288222298
0.195806567374
0.154277761915
0.509050045445
0.271104188872
0.232683378149
0.2358461761
0.43630424814
0.0827907560212
0.359047652617
0.287522769898
0.14584256168
0.151445569095
0.10263072168
0.13215520203
0.313410108588
0.154117646984
0.312375101677
0.20007343214
0.130920286862
0.46697260425
0.306643815004
0.23882201055
0.206780979928
0.825830045604
0.199759770096
0.361139075362
0.249305319459
0.338271241713
0.335505515905
0.297522464505
0.0723239330123
0.0781242191762
0.594927819863
0.217303975574
0.600832008885
0.41402556338
0.28383048474
0.110151142608
0.0638436968052
0.301373932464
0.230897187902
0.127614084246
0.740494180143
0.316778259452
0.286096500564
0.246219324808
0.294261341839
0
0.331079155082
0.181804208098
0.28950745011
0.131491628169
0.192764661667
0.317513902507
0.51272329968
0.406839279662
0.391712244892
0.288342220433
0.212997826
0.21889127342
0.551152000522
0.436587033523
0.237019610609
0.414235113382
0.138063140005
0.415075803756
0.355724895113
0
0.189429999806
0.0998156151043
0.409122988032
0.555588981429
0.0680037238212
0.374977396433
0.300493381565
0.158569781826
0.31497703868
0.288349254794
0.261115550184
0.403694423075
0.377269580654
0.281561377901
0.466343522097
0.276703178774
0.224849216726
0.295237089792
0.404652724976
0.492319637202
0.338942143945
0.214575049636
0.27089772597
0.425084742828
0.19275548505
0.484413324753
0.365683440089
0.210496434706
0.443072830733
0.130553084453
0.325866496925
0.348524932799
0.240434613425
0.721016058758
0.305770757851
0.274558858537
0.0969210722921
0.289558575421
0.393429565786
0.265190603104
0.529756884569
0
0.26492830538
0.178683982227
0.335880497094
0.327989609433
0.408657003978
0.321257510065
0.333460296317
0.313752774794
0.16419818371
0.34850116857
0.302013357224
0.227542330567
0.313725896906
0.423584949456
0.479414300446
0.376447401636
0.198422708085
0.432247421224
0.3480910154
0.463938406055
0.268301195015
0.0870845073017
0.220534811181
0.328948098384
0.331622705536
0.246383645868
0.368029797259
0.278578477982
0.553183954084
0.313770755801
0.29529298132
0.332526636307
0.406879057958
0.453409258577
0.40347838019
0.241010091636
0.255447663801
0.415462590892
0.465337526813
0.0584765246851
0.290194381587
0.241971184938
0.839512378577
0.233632904545
0.1870715705
0.468196653948
0.299034386508
0.393581039759
0.372890153875
0.254917507563
0.240074293689
0.0552720109733
0.232283213814
0.0631519333687
0.319181029297
0.365368331387
0.606038731457
0.22604223702
0.376306925121
0.308885779609
0.378973672513
0
0.451592239096
0.137448536006
0.168622368436
0.196127080362
0.224021095331
0.174128691123
0.692008306071
0.100387164217
0.31865799745
0.221324358932
0.211489280667
0.312300905331
0.197714549015
0.25579932623
0.283306551536
0.333663165181
0.430408036602
0.453226947643
0.496028667202
0.446816072628
0.201237102026
0.275911737921
0.36526427607
0.118883691498
0.483717676374
0.422072294903
0.406701325495
0.182129921177
0.195746769975
0.21327888334
0.338385734012
0.275736129963
0.664960257494
0
0.208126319999
0.249742975177
0.420007611443
0.390935292737
0.150907817502
0.0318448080311
0.244934322116
0.435482464887
0.100615306981
0.200135954614
0.0787894817615
0.22405787279
0.199759770096
0.0541316077374
0.337631951062
0.265557691981
0.290116247426
0.288600543048
0.337145066255
0.329683443941
0.441139096426
0.373479061656
0.459435858955
0.191078989771
0.396234185904
0.409421537427
0.274288651773
0.546335869975
0.137115724899
0.221491215299
0.437000386411
0.38090540929
0.515555072489
0.231965492732
0.354866829279
0.24644281674
0.373718698199
0.133888769896
0.216845234916
0.183604150962
0.349564574211
0.156760806638
0.496956994732
0.446109985849
0.287677929821
0.554064773819
0.369924911841
0.276999928604
0.181227940128
0
0.210546032506
0.175311041213
0.13295225334
0.377649834159
0.39254132993
0.274147569716
0.594927819863
0
0.42453698722
0.2264936624
0.254022025217
0.381964727223
0.561077618312
0.195674525103
0.318385475266
0.512766751157
0.17235987009
0.143763352957
0.467253666965
0.347115498324
0.312659684992
0.151645018292
0.343891051125
0.183008092422
0.312150330587
0.468537268743
0
0.47282657212
0.247497653238
0.285744919604
0.18856523848
0.421337451088
0.461251134921
0.173301688973
0.283577344207
0.368541129388
0.620451977445
0.407085051505
0.349253738691
0.381779117011
0.173754647177
0.496149786443
0.154307329693
0.381418822427
0.235224073893
0.60875076225
0.172905635215
0.197981442856
0.357834656892
0.144183659367
0.173260108772
0.348063608252
0.431581918424
0.320375092653
0.4016555076
0.296629820589
0.175785552381
0.280567194495
0.365269537947
0.52042717133
0.334026717169
0.160985103914
0.326220766265
0.132246500828
0.118779781479
0.839512378577
0.335971134327
0.221771043743
0.319345035854
0.302313535215
0.592714246538
0.396340474349
0.115928499927
0.392308930253
0.635840232778
0.352612487775
0.058347334989
0.171663430744
0.448964372986
0.494303849684
0.426911222674
0.515089111355
0.277300854621
0.40781509038
0.71340951211
0.380949325543
0.341002102104
0.407989974872
0.403474988156
0.473455762229
0.255324836588
0.69894009573
0.368573012173
0.634241431945
0.393111255989
0.524931447514
0.265385406733
0.230376991709
0.388657147254
0.21848484617
0.317969806516
0.380949325543
0.308551220121
0
0.28286983162
0.140492955823
0.232963592438
0.200245937127
0.183833322584
0.361696962507
0.16738846163
0.481590304275
0.619557297594
0.243164436069
0.432718589911
0
0.184745472647
0.0625195831846
0.247542242913
0.495654593593
0.638916200841
0.265274636267
0.239915950482
0.254416174495
0.147105938982
0.283794228655
0.17035284287
0.0511977081706
0.713725281368
0.462467618397
0.290703764829
0.0787894817615
0.131129797525
0.287064316203
0.413563015803
0.361132688096
0.584178416705
0.174507576576
0.23946125283
0.39808473271
0.430408036602
0.248686945655
0.439146458611
0.485969005818
0.289870013079
0.693547445988
0.457508313888
0.367799173592
0.370867445723
0.572715097832
0.293533411051
0.247465136825
0.158436983409
0.614844828383
0.245961712771
0.172524311393
0.381184686062
0.180284703976
0.36744329892
0.52345622624
0.246303677005
0.167535536342
0.430529229038
0.147767272332
0.326879699903
0.39368811515
0.431308630176
0.172824816007
0.229512458442
0.312480617731
0.228237381438
0.268835628726
0.171989029616
0.12343574737
0.298931050594
0.31165046551
0.332248392189
0.213992045755
0.216943909667
0.408142329433
0.0542271931876
0.338462002742
0.21552975296
0.146537619753
0.368508602666
0.248756141588
0.541002095603
0.171541801121
0.398465106666
0.265775624473
0.218853815085
0.253358577382
0.201904052704
0.192217007613
0.217808164514
0.323496711936
0.379939213722
0.548132340449
0.361655502743
0.312678550705
0.367072220479
0.390649137397
0.201841434562
0.425854795829
0.370600948531
0.286577018849
0.418237006468
0.467883764036
0.592012743649
0.466713587794
0.229230867075
0.280911416255
0.104961027581
0.334490539614
0.242200504341
0.273505658419
0.218167387959
0.239533738998
0.15151742633
0.352843393302
0.231596374381
0.288261441343
0.359632585296
0.301449706531
0.248742015086
0.292037494667
0.411608157938
0.306686467884
0.390334952289
0.314385731009
0.0541126986014
0.285056277539
0.191110918571
0.331186474391
0.49043259583
0.150376666624
0.251698959722
0.278550770808
0.275812636267
0.218578945541
0.433817754997
0.471868182838
0.327748441018
0.111298051095
0.0877366130346
0.394934820514
0.237487530459
0.241351269511
0.363770637701
0.127433495362
0.366572307068
0.339230055838
0.448130513552
0.197551858929
0
0.409122988032
0.342825160616
0.313835264595
0.355021742794
0.375672908502
0.413175602772
0.203934792328
0.794695680225
0.311134940537
0.280961996656
0.477674290688
0.38205404452
0.550480728005
0.161280790565
0.134003329731
0.287407054423
0.261830395738
0.242182043939
0.261830395738
0.255430053275
0.349512751426
0.439109231329
0.452017831505
0.168872920554
0.197693019634
0.204750169471
0.212118287457
0.0736735663166
0.335971134327
0.373132274575
0.106994383567
0.101123905698
0.455608390806
0.133912496031
0.208234492981
0.269592958801
0.366256287275
0.242182043939
0.132835154139
0.248307864557
0.180477357449
0.307833766722
0.194080340094
0.255928616364
0.491567943904
0.148483395737
0.295303986488
0.442327842267
0.454187430404
0.372141116355
0.261587042441
0.28142531579
0.314328549625
0
0.301378285832
0.4089328453
0.313986441216
0.326765699376
0.231144428518
0.154617236226
0.22880234674
0.236016558052
0.287599448813
0.420358457438
0.115817734041
0.225027001397
0.491793586046
0.467815164787
0.3639967772
0.296072322461
0.276436317326
0.235478896688
0.187624743738
0.103143808979
0.481216538085
0.253299305167
0.173902606213
0.149815789992
0.140500424233
0.247871214825
0.371353756573
0.343893418685
0.449797949662
0.139414593353
0.331098230383
0.380023406989
0.335864964605
0.235293740649
0.243000973955
0.459912871863
0.290839487191
0.123905424342
0.250548086735
0.362634173805
0.330288741886
0.378799788174
0.346437543756
0.473185649422
0.176974400957
0.412982306949
0
0.195260143321
0.190110749786
0.336925027082
0.206002418595
0.299826292789
0.205439555041
0.239764220809
0.12903008227
0.280350718627
0.277723852431
0.47809192413
0.262891429775
0.279941355423
0.204351770319
0.153056828017
0.154816839147
0.371615660638
0.232799801578
0.351169377633
0.184599054166
0.20516673532
0.479753131851
0.202507150191
0.561424437822
0.273485146771
0.279611330486
0.0666540999663
0.514863609919
0.15612115018
0.352886520236
0.361035939601
0.478817869279
0.211399176687
0.365926648769
0.290409655792
0.28461773046
0.262743070121
0.266212778707
0.609368337006
0.380949325543
0.381825395077
0.36667509794
0.353235121595
0.369569328973
0.333206236884
0.39631144643
0.287057724035
0.376689612945
0.227272734376
0.25780896487
0.150461706169
0.378382528659
0.297817240184
0.44397453619
0.216869240921
0.412286931985
0.514644990935
0.381389843389
0.443050100004
0.484273734353
0.260870391143
0.442774533654
0.211187636078
0.335880497094
0.482938548123
0.2537669269
0.354599248236
0.392402516292
0.520333589382
0.329168450356
0.567901956653
0.591034494389
0.70318886267
0.174282201757
0.413657362385
0.400917769641
0.290663069647
0.254088487793
0.429183500755
0.259373102373
0.269919263912
0.216500483196
0.316728679529
0.424003507326
0.30559411889
0.401251594338
0.457567886623
0.298450372863
0.447493762718
0.134242310188
0.614202283884
0.478584341895
0.469174536311
0.17553705579
0.43137530008
0.335132818487
0.311158342071
0.376280860158
0.284872816472
0.267489291455
0.538667949043
0.191216305377
0.146247598645
0.265498987587
0.143125339537
0.181914213598
0.310241086239
0.0587700509018
0.556116496612
0.199815939861
0.399469099292
0.326773355737
0.106867498114
0.184942954706
0.375343245883
0.400812734295
0.36692043058
0.266971099246
0.172490714601
0.213522529931
0.408616799915
0.313702960132
0.0979922283537
0.176794498426
0.144459611175
0.325872800579
0.411291802614
0.220973351939
0.253235734475
0.221710199071
0.381903646924
0.340440774686
0.417854625256
0.459001297564
0.227954782815
0.236258523043
0.212827244783
0.102317543911
0.275851236176
0.802353041336
0.406997519277
0.402331417435
0.131007987854
0.202009653666
0.0760153929546
0.263259716232
0.24197699002
0.257285050072
0.279187716771
0.315313338198
0.269053482065
0.492648026703
0.209208756813
0.297522320528
0.0431899250004
0.420536854047
0.411771664573
0.205025045815
