0.512777304465
0.188332874843
0.50929823021
0.4901326984
0.281488948976
0.308294168546
0.250824578371
0.4150894452
0.283445133458
0.276202892473
0.207203351489
0.306225695492
0.277714859234
0.338415875849
0.323928438213
0.445198257815
0.303877332579
0.423442160199
0.377316715894
0.272616922692
0.271729318706
0.22199556676
0.410931434539
0.317264829864
0.300139553523
0.300574238401
0.209210034648
0.493270663015
0.427464746191
0.308910027368
0.275026998606
0.462840927681
0.328056759572
0.339431682776
0.371181451741
0.427940395314
0.28807273376
0.308175047812
0.17899946564
0.329608118897
0.213947623719
0.300472350134
0.365662914093
0.525277674694
0.370726890673
0.322473528648
0.289385594323
0.211506930406
0.199335069475
0.421598053131
0.363942521592
0.385101221044
0.320258767602
0.300648744674
0.254565084994
0.206091055989
0.16962274273
0.179641793356
0.249689453513
0.258201278949
0.322869047573
0.361910310043
0.282438115423
0.376030000263
0.22442438192
0.273673381499
0.355303005514
0.196465268691
0.211855864093
0.367593087143
0.360529381534
0.4070298206
0.30805991937
0.281262163766
0.43495551423
0.334873598951
0.30485686192
0.395978305969
0.354528298908
0.259857399449
0.196963511155
0.471586603112
0.236520639732
0.16721964129
0.4028023697
0.286118988063
0.173272877563
0.583501048348
0.266863511079
0.328407358704
0.308523454332
0.363710127565
0.266460816545
0.133556407413
0.193653627409
0.265283637509
0.139066113255
0.282022475435
0.24349706231
0.229890302584
0.716212075034
0.382992316024
0.541586006426
0.312945232282
0.604784337673
0.703011021366
0.406992175437
0.557781252896
0.512215676385
0.492021098119
0.254841050575
0.616134320943
0.415109512441
0.463137901631
0.361805963166
0.515169814677
0.564529403365
0.410373375964
0.336194236001
0.401683114344
0.22510350255
0.366179457593
0.290382701932
0.244642055622
0.491147370922
0.312734706908
0.346428284276
0.303214791209
0.329020125595
0.644746815217
0.264814469684
0.210727457628
0.226102062848
0.355502964244
0.352653579775
0.239049095987
0.277430597417
0.585345933674
0.452647016715
0.21560690145
0.350153261032
0.657424821054
0.4508131135
0.269322519279
0.286794814959
0.310587087493
0.257337244345
0.21818532024
0.293469049886
0.30459279903
0.377747189575
0.476209703414
0.180701204019
0.222671887001
0.386057894239
0.268014018482
0.221841974725
0.296707391813
0.231866509918
0.472486639037
0.320022913809
0.346840644796
0.152001550554
0.18505109343
0.165695923176
0.470716191815
0.264139577531
0.30156999795
0.462805335731
0.333314881038
0.177662965823
0.508085190342
0.397288716505
0.370528870308
0.0853087053055
0.317796490562
0.415393008495
0.224831761603
0.29043647244
0.411701457068
0.145335881477
0.327036254475
0.315313600243
0.347614753098
0.187207995242
0.206493541481
0.270635492264
0.401388270789
0.373028281112
0.216656594381
0.269462509666
0.283665217016
0.371630960868
0.227868501673
0.277950034113
0.393633584516
0.397732508929
0.414674358037
0.418472708434
0.469625639362
0.40428132201
0.423302422018
0.580646567257
0.554816542909
0.331163315866
0.350662552298
0.650248701301
0.511986159188
0.491362251235
0.397343349629
0.325748676081
0.396940805076
0.183061969076
0.17095637199
0.411064329354
0.132013783213
0.25622070789
0.248145974371
0.290769318073
0.312232276143
0.254138508558
0.244619621438
0.259987933705
0.230160990977
0.225275467674
0.137472151496
0.410545363299
0.320591472277
0.280229822321
0.354315015921
0.442969318444
0.369158964236
0.336518486893
0.457682453563
0.255225296658
0.355871605772
0.178568098407
0.337813259742
0.311522547828
0.233781002101
0.273783796271
0.344356244468
0.343139161493
0.372077616301
0.269299211366
0.24632596569
0.304177077876
0.360614281251
0.235312788293
0.278806872813
0.215351705635
0.291909978235
0.213821512924
0.420494490251
0.36394634829
0.328940021343
0.430749721762
0.222258177745
0.319328957808
0.337907375076
0.254097930924
0.21586431252
0.380430962002
0.487310037702
0.298059250459
0.281935783336
0.185252585256
0.358402425701
0.277757368275
0.236246984232
0.093548188179
0.242012754377
0.288100825068
0.266375090982
0.271852033722
0.385628315007
0.161949037423
0.306405147252
0.357041441872
0.274343257758
0.183255786845
0.322819931994
0.258427933153
0.164930479342
0.408488811238
0.234500719249
0.283135268486
0.329533558455
0.267371039686
0.187826505673
0.316292418356
0.638881723092
0.407619252521
0.496404255383
0.167730230481
0.350910206397
0.195082397833
0.290746880884
0.322357215462
0.321707725864
0.748844149623
0.681184244403
0.37886174795
0.614321781998
0.328654735537
0.38823384864
0.517251394298
0.566694636242
0.322369695799
0.568744726088
0.47474716014
0.141778890001
0.553183983006
0.55734531346
0.462939075289
0.467874407667
0.338216001354
0.139072308361
0.503262919167
0.576756239558
0.408666734605
0.387078758203
0.239039657788
0.415673683678
0.526340982881
0.296475204097
0.429036689761
0.258776721772
0.439723537407
0.491525312753
0.489116722632
0.40412405666
0.282799677716
0.467726096501
0.361615539417
0.34082484963
0.475104877893
0.581978509275
0.311303001218
0.38819152531
0.231422272699
0.367395681541
0.291895113117
0.303369635531
0.391192871332
0.39269886564
0.294206642974
0.386481987085
0.360040715086
0.296810816207
0.301964409748
0.381606274467
0.320003533956
0.344121996536
0.387204473747
0.548734146117
0.24498348113
0.310009776341
0.262099030284
0.168773368704
0.268752606583
0.438332127079
0.285933306644
0.435672016434
0.36820934092
0.381316112372
0.408718821753
0.335564805878
0.513671928694
0.438052125352
0.492866534169
0.311251973164
0.401065030896
0.329973450069
0.269244714502
0.364344051439
0.19400351529
0.430607772769
0.439315353354
0.243036173812
0.445774407081
0.41614438898
0.28099600259
0.27268695641
0.366460735407
0.280387930239
0.238429611967
0.286318916609
0.416917919089
0.2278024947
0.341993743072
0.293149946457
0.339889088666
0.534295536168
0.289187878582
0.379459169752
0.376989438103
0.256790062879
0.364373971569
0.402761852174
0.470801187163
0.590189501287
0.697256643866
0.193923812302
0.645737815253
0.599482001884
0.42634379037
0.605257224395
0.344866180643
0.416841679491
0.548108286378
0.507818234131
0.176299846004
0.329539942168
0.30184283059
0.434192957278
0.24851825592
0.346441769664
0.361187310181
0.265303133139
0.468321946458
0.436471694921
0.613205555072
0.558910774611
0.244405622393
0.641449189079
0.368857897334
0.481729805366
0.432664330408
0.4489691357
0.217008001895
0.376673825011
0.453610467801
0.563666942848
0.496625634712
0.324951850743
0.288463947997
0.2460552965
0.384531559695
0.202608469632
0.444474561943
0.287171074379
0.399249130294
0.261425774262
0.325186335039
0.441305624201
0.349259491719
0.330583106698
0.493528686856
0.375846539189
0.233449981722
0.269190520961
0.392546560002
0.305369155204
0.599823189629
0.308307594206
0.463770538825
0.233695100021
0.190473148165
0.320701399003
0.212254315883
0.389094941829
0.392239181834
0.217912464898
0.399589713226
0.381766739308
0.468793344894
0.292309688289
0.536187428171
0.23584947654
0.378191318966
0.380596956757
0.374041238039
0.286543616969
0.338943356682
0.33749833194
0.515635683126
0.688631056314
0.253038310551
0.177943235284
0.395517377943
0.287435807659
0.418172827393
0.520480917792
0.242097620078
0.277243843978
0.368370968762
0.305476041078
0.37112939684
0.333435249591
0.458842275697
0.522575434779
0.18074454981
0.303839830402
0.53088280433
0.250217733634
0.509101236704
0.238233637584
0.476978571323
0.333881969026
0.518833797207
0.671526774454
0.527397108887
0.622208362706
0.505109542976
0.351942008568
0.479881247679
0.448380882015
0.462084923485
0.636011110432
0.257839508477
0.464565090384
0.253772227446
0.428912652095
0.482454283841
0.243648073545
0.233940079365
0.404896432259
0.34998264621
0.322874726467
0.417400942692
0.424821957079
0.532049838107
0.640032835285
0.368406112274
0.425169578314
0.345253746727
0.373568721361
0.355975016684
0.224789821348
0.221318812995
0.422135799118
0.257520019313
0.259547579188
0.238712474234
0.361210528638
0.282701559373
0.42631963989
0.226049326643
0.404168001094
0.288100805406
0.42175030569
0.276048843989
0.329994142696
0.564318089454
0.455307486873
0.173933758221
0.344847676305
0.301685519097
0.298121993833
0.256304581712
0.211113205307
0.250975315583
0.227083710675
0.357270131144
0.31173934262
0.239940683961
0.243045613373
0.248174719689
0.315326198547
0.326191057579
0.281628162107
0.300548078859
0.265356190834
0.367861538507
0.193839928298
0.278317853999
0.232240832394
0.246258675457
0.478569593668
0.235917165443
0.364034789875
0.182973905974
0.212141089766
0.41574505175
0.175679845086
0.269288921591
0.440023693293
0.33618060305
0.318185609254
0.351114796581
0.462518614874
0.390903919124
0.270614652241
0.292757578572
0.339583264049
0.347753658552
0.351856266438
0.321180954507
0.439426825799
0.474079403437
0.323716903378
0.33208738696
0.281677691474
0.1743612271
0.323383543382
0.185506192916
0.349084062962
0.257406796773
0.173034206298
0.457300123241
0.296593669797
0.341423298367
0.237097550581
0.357991750518
0.480709572301
0.566177343006
0.466415846853
0.416107516362
0.292413952552
0.327296632602
0.273650619694
0.350211991543
0.423812360605
0.298569159345
0.341942684072
0.43746427041
0.281232571494
0.547669703485
0.290697298395
0.360643462573
0.245934372498
0.534777419533
0.253489250469
0.35440019961
0.421242616583
0.339263722187
0.498884491994
0.331657418055
0.389281557961
0.28100254364
0.336950618023
0.316242017405
0.24008901134
0.258057611749
0.286050308313
0.328280627789
0.389793814047
0.369262770508
0.354466614994
0.348677846742
0.329542147165
0.450496443049
0.199662262193
0.193849652199
0.339763204408
0.31127607278
0.176915216395
0.345468879062
0.181218257357
0.480457232885
0.186327015201
0.316248897615
0.531695246571
0.291544189868
0.312554672842
0.423774510985
0.163138408846
0.418745204641
0.460658520157
0.317037080802
0.535353663633
0.098543456379
0.406358006712
0.451792916038
0.393771673199
0.218564703314
0.337580281333
0.419253281601
0.160527603223
0.220005066758
0.315460373517
0.30113048288
0.225149354314
0.42586477232
0.304829448806
0.283583131301
0.385367629184
0.29371802618
0.271292650906
0.267670084971
0.279347564501
0.263205507256
0.333370461042
0.477462868428
0.32783354656
0.194724793377
0.471831037422
0.258212299654
0.153759664662
0.274735022035
0.252070663322
0.338497431934
0.273618545822
0.246067449096
0.162063056848
0.335856261509
0.284257802917
0.375576196625
0.341396236323
0.473662540202
0.496994380017
0.419418054415
0.415516912292
0.517917111382
0.24779281513
0.387094817936
0.517096788134
0.202006917427
0.397228122918
0.234470160329
0.37698205033
0.213206530673
0.301320698512
0.462501172447
0.280656429832
0.677009940624
0.391136823666
0.321968047129
0.292726836344
0.20114321297
0.474269750524
0.266138431867
0.245138921013
0.154975513685
0.478982357173
0.28545880983
0.31252001828
0.237798388243
0.329121732138
0.258351998919
0.512681402817
0.110803062176
0.356360068935
0.572529863008
0.346982349422
0.494262230363
0.190876117072
0.293717283225
0.113527782628
0.114006842909
0.269032705839
0.360040311247
0.3052182768
0.45703552541
0.267231756622
0.271462538813
0.551933533001
0.296935300892
0.270358540884
0.297396773784
0.361331778108
0.216043966627
0.0749903973645
0.191577862952
0.261643666434
0.34213159269
0.153826550954
0.224317780387
0.25815921197
0.140325049836
0.281107753883
0.266843763288
0.272209885856
0.188404357775
0.253908599223
0.39273989113
0.315764607566
0.238269017178
0.430517352919
0.268846304565
0.325678639109
0.25278962928
0.3613611316
0.175096846342
0.333034294563
0.305215027137
0.342220522391
0.444648249202
0.373207318896
0.188586481338
0.181832640552
0.334595242042
0.243314418535
0.430191383817
0.291593309867
0.156997402377
0.261369276765
0.216799306678
0.390019199011
0.235377509715
0.503178153759
0.221866582347
0.170336943671
0.304416401066
0.38442154992
0.153074702082
0.175843170645
0.288846630411
0.202279866582
0.67625155553
0.346243516189
0.524121186729
0.578671852297
0.639506807508
0.597875244676
0.322931367885
0.531871450541
0.546884630182
0.385793619218
0.574012521846
0.561622745012
0.439553230233
0.270587042988
0.128914940427
0.362757983632
0.438681525642
0.388541905835
0.187425653757
0.412998985709
0.119432981968
0.385036058
0.290057736168
0.386935731528
0.52210686245
0.437137685776
0.334355151804
0.387310709211
0.662168815019
0.279191407118
0.244603844716
0.28019043027
0.177792263823
0.512353285309
0.318218029232
0.211651227798
0.425955987107
0.312914073399
0.343650530696
0.212785485566
0.28334988609
0.583793691529
0.232887623017
0.254463079986
0.431992886769
0.287934018419
0.342828822203
0.332431010906
0.34819354668
0.339237198286
0.260611956023
0.384113670296
0.281550562567
0.60370798082
0.399948764281
0.467595015658
0.263016828395
0.282952072538
0.129156098805
0.178433686319
0.198464796854
0.334337266934
0.302404714757
0.235240531917
0.326351166884
0.350900414902
0.424349238917
0.253674802272
0.195479904787
0.330628461538
0.383021604699
0.321220803358
0.483158632902
0.199633738188
0.416102940867
0.343057203912
0.244957117621
0.233234177333
0.388427787283
0.202117996295
0.235580721934
0.278517661728
0.366423239086
0.589337783156
0.122883709247
0.4402640981
0.394298926344
0.249473164248
0.416734380527
0.225493662799
0.303465892536
0.245005528156
0.218033644528
0.219201529637
0.208503580998
0.178840251981
0.174862047984
0.398166142487
0.199832752636
0.276679004818
0.539939282478
0.606500200438
0.384073653368
0.379797496915
0.359577926239
0.443817393344
0.247019736235
0.391506563503
0.604574979824
0.314617319657
0.530382349144
0.369684605884
0.296773609657
0.412218723364
0.34726660402
0.512816844443
0.282492738389
0.543366613477
0.312298227321
0.128098655447
0.481194234072
0.338704965519
0.307937148508
0.25030522219
0.40313761026
0.370693237425
0.314464363937
0.379412112655
0.752712961166
0.362351439012
0.413813932669
0.414106318915
0.225870748304
0.519058993953
0.189219618487
0.30204516966
0.347668165875
0.479176823928
0.274768414385
0.271478838154
0.27952223954
0.303965537764
0.285164264706
0.301823168073
0.388159411506
0.356657026671
0.280713607498
0.421676095767
0.382380155585
0.395591600031
0.216018257008
0.43317532319
0.197877539851
0.13143086857
0.33950293486
0.375899648891
0.196258721411
0.312620039561
0.213188635262
0.230577377515
0.230487141814
0.26963992333
0.234480966536
0.219528925433
0.209642171374
0.315688970072
0.399543447578
0.400374829914
0.144498214445
0.266554666942
0.235698850823
0.553437365725
0.278337197518
0.471148834302
0.317515886859
0.366009195258
0.272863535243
0.296019987947
0.198845600826
0.201078735337
0.415699707032
0.413388563931
0.471777186851
0.266147554417
0.348026167167
0.342185076564
0.260353989736
0.290113003321
0.335866317863
0.500705619373
0.318653594377
0.238666128934
0.255121317708
0.361359159213
0.270831062636
0.470847467299
0.29388803279
0.446819275391
0.418626198624
0.287923268404
0.831217279849
0.680561432782
0.468520072865
0.345474578628
0.376698618243
0.450517784536
0.410703288692
0.511258489794
0.27256941062
0.631049592658
0.534051023856
0.398634150327
0.27431294674
0.56439218905
0.326105775006
0.665440214344
0.338384244842
0.367963854047
0.269748121168
0.365756229579
0.433882026656
0.312422690703
0.349255242416
0.523364118952
0.302460646711
0.302453869013
0.289354493865
0.247903790218
0.286941306318
0.261515902047
0.248020188898
0.371906548953
0.558030282272
0.351607107821
0.266550042159
0.546664191272
0.321035482317
0.467107153283
0.30210607603
0.38223142418
0.430186465442
0.307676198375
0.284188256596
0.454119920653
0.469647803938
0.360385589879
0.342508184972
0.156632627774
0.268574965443
0.474807805563
0.314299329197
0.294096176463
0.298164550854
0.363980116846
0.335938085992
0.250110546556
0.497366912143
0.355023582668
0.407973483545
0.169927312399
0.373553686508
0.611878962599
0.556963712374
0.52686528633
0.330733349419
0.252214964603
0.323393893678
0.328171154533
0.296252953849
0.221338589667
0.356607170375
0.191618219646
0.309114881367
0.36594480581
0.404795115934
0.314952921517
0.466789313866
0.56808233028
0.297454973762
0.244552052744
0.217132558403
0.561368393281
0.293141662116
0.185207139314
0.35000645789
0.290932386363
0.229408797495
0.33393403183
0.261840839942
0.282320023663
0.409136642704
0.562130986293
0.267080466641
0.388356904774
0.294794075655
0.486155273642
0.367245260389
0.312589473594
0.305472201742
0.322954377739
0.622683039745
0.434803155634
0.540644171204
0.397354062069
0.337882159494
0.541408093308
0.226279587643
0.354899734943
0.208581992192
0.368726857298
0.315542743422
0.32044714659
0.463591766795
0.223524393484
0.214652453375
0.801709796377
0.416271546268
0.473850278144
0.520971959818
0.173480318718
0.385500791487
0.455570897417
0.440565824956
0.43921784388
0.423280666674
0.570720576957
0.56183224198
0.43072273373
0.230605083727
0.369718241357
0.412295994183
0.346550706115
0.394114452785
0.442899573906
0.274895844776
0.369058990783
0.44665335084
0.394203435053
0.474125980118
0.487931331603
0.487463414259
0.277669219449
0.366254387465
0.323711404311
0.410738103493
0.40860441051
0.349005350985
0.422232408456
0.410142331854
0.394469078539
0.382364855191
0.261941265881
0.656946435504
0.161532962779
0.39423935393
0.359759006641
0.315173429388
0.283333135063
0.304910360524
0.331068988499
0.435877257924
0.335374243506
0.238058855415
0.363520093021
0.337940673037
0.380389947248
0.29701637588
0.204378931298
0.30813994219
0.146985483027
0.485643912799
0.38958079064
0.436996663341
0.427421982174
0.491988099317
0.233537071297
0.339121727451
0.316468513493
0.369603725605
0.278597405407
0.150434702437
0.352837228975
0.26957571827
0.256247930477
0.312745206448
0.254198532544
0.298362762672
0.425114152273
0.235097782917
0.469082742399
0.453395853507
0.337386327896
0.377204827387
0.387336050098
0.225003293339
0.259494045037
0.402179025067
0.300549883568
0.417101249597
0.213039679936
0.584605437071
0.512712856432
0.448062594653
0.424793596354
0.249275446713
0.513097678769
0.37210448019
0.469458079477
0.321919161007
0.50560013095
0.45247785132
0.294669894059
0.306888915076
0.276150613424
0.321624088781
0.493680622313
0.415001326781
0.457378727608
0.381726927467
0.248393160169
0.564193884927
0.205480803987
0.249566801951
0.574943245822
0.301041495286
0.246878637232
0.552834545803
0.420243748613
0.246304325086
0.355013829696
0.235689304109
0.284871752804
0.26591470463
0.330754151922
0.245586140617
0.336045876925
0.250085844873
0.364514615415
0.348528351749
0.260304739096
0.180968135022
0.280128291242
0.222468508146
0.215999554092
0.274344591815
0.389887221896
0.241374919249
0.511581521275
0.399120833683
0.369153673961
0.323219766193
0.460551498723
0.393016482615
0.386919274142
0.150709565047
0.417076813899
0.259414185212
0.213688543098
0.217070526933
0.42170557891
0.510943826504
0.293178286633
0.268032805094
0.308705314538
0.324629946163
0.266430558056
0.347989923043
0.460223061776
0.389050587644
0.379585065044
0.242469256585
0.474889388754
0.301257110499
0.437661217743
0.303688799095
0.361494573916
0.278162999347
0.345959973169
0.29842347562
0.111466421869
0.400961058661
0.445035793318
0.303403624589
0.480282077261
0.190456834823
0.249234719652
0.120121449658
0.134449941465
0.369859995164
0.22896053227
0.266325318461
0.16571481027
0.292063635852
0.27940391792
0.336680126457
0.27855890236
0.499401881312
0.521471921739
0.379648691161
0.241055317301
0.50403968434
0.370289688697
0.453125863632
0.609728192003
0.472059378069
0.533828058233
0.527566422649
0.607595244454
0.350337332325
0.44586488922
0.394507337427
0.376416308342
0.216150116676
0.524056875702
0.342124863344
0.281701147726
0.361001078902
0.356486272492
0.327559069821
0.152964467942
0.518090945928
0.352546708192
0.280384207539
0.338440826455
0.250846759071
0.362371842683
0.373046850024
0.445019754476
0.418329799029
0.291965575795
0.324407748047
0.219490590336
0.398721983551
0.412284436288
0.457162640917
0.487011578769
0.334527453696
0.523983740406
0.428924945339
0.278846647455
0.365366165811
0.420815442275
0.270589668078
0.387046924577
0.324356522223
0.27989574258
0.544914680017
0.393682803269
0.38797683367
0.319678851527
0.373155625228
0.314662837419
0.280980348533
0.191477210207
0.297037981375
0.131892486404
0.363124605828
0.257290637778
0.219443341801
0.349801618807
0.219110025471
0.37605990666
0.364011667233
0.329432037949
0.601044389192
0.444690305494
0.168399798049
0.448558222145
0.447204833067
0.244430085017
0.331605780548
0.314508099605
0.362253884286
0.232567806872
0.2152777848
0.154823536684
0.327439553262
0.467193939583
0.362474469852
0.25777130133
0.371300484288
0.334016282113
0.224267207711
0.373350860565
0.25173136048
0.254988512285
0.244350352674
0.377272240636
0.316999739018
0.250799055883
0.385041185018
0.466978814406
0.233446519331
0.328751521543
0.26803104141
0.177857041202
0.341345071152
0.390482788275
0.396537954793
0.308659974052
0.474931122814
0.726467930862
0.664858716892
0.42916282649
0.471132640792
0.376859410232
0.417351323908
0.423413079568
0.296456486997
0.52258238458
0.385834140926
0.286249031859
0.77395447147
0.467452736062
0.175160222874
0.454826887665
0.366787613996
0.417628258147
0.259698238312
0.371111203528
0.358658972723
0.349554405499
0.456096888148
0.258587012314
0.397972051183
0.29676727111
0.266035810827
0.587768256552
0.206016732678
0.393704917966
0.369232808043
0.335533448613
0.456186533927
0.465894559672
0.226176955044
0.319743884582
0.555195348385
0.298561538895
0.132741158591
0.489209041339
0.44202432505
0.176744349805
0.371370185284
0.227305190601
0.256988246091
0.269138175393
0.40530010629
0.182462538029
0.306815305666
0.308257599252
0.330675955687
0.341378125447
0.222773922237
0.404893589159
0.347210458757
0.318192397701
0.306359717258
0.223512959395
0.510418447031
0.248543299409
0.366012873678
0.328023555688
0.217033487678
0.261793195335
0.350032902012
0.27033508298
0.271749204976
0.193598926763
0.301120293015
0.328576810161
0.200668776115
0.330241496865
0.25639892759
0.675941894844
0.223077389875
0.178697267367
0.182624808462
0.210829808544
0.30467527671
0.375952245952
0.294797107982
0.227695743755
0.342915797041
0.532761511106
0.484919769063
0.226271920504
0.108625009402
0.167650185712
0.516735475538
0.194458343339
0.383417875859
0.378188485514
0.246660161987
0.207107520747
0.219158423636
0.229254735052
0.316930982184
0.308619322716
0.235560925499
0.225848139184
0.66160380639
0.723077874916
0.300178522891
0.352503214742
0.421933865828
0.42804339555
0.368338062427
0.258402176389
0.416199054397
0.255416109232
0.442069501629
0.292696840363
0.376056139231
0.307723709435
0.214480196358
0.203892172272
0.323071184539
0.289377714498
0.443317128361
0.47029482409
0.188582120753
0.2632605792
0.450471365272
0.305593824144
0.45096363188
0.518695589202
0.244384565041
0.431605946906
0.37953567589
0.37322404157
0.292681732628
0.358681335215
0.409844436552
0.272359185922
0.254068066143
0.277863187963
0.163207518108
0.28071457515
0.297129616071
0.219747984624
0.231203220615
0.281223465579
0.319826288557
0.35572718588
0.271686579422
0.154596154525
0.263824020424
0.22156804737
0.34513190202
0.300644450355
0.374497569272
0.392507814865
0.287461211268
0.472477877727
0.389105291511
0.189867579158
0.304688837852
0.355693109233
0.337899583398
0.332463566406
0.21105206284
0.166661172793
0.255993371131
0.208596214802
0.269753409538
0.262069201264
0.615211041828
0.491618967981
0.421961385044
0.165091754977
0.386779068366
0.0880208513643
0.272793128751
0.288014460536
0.457577027691
0.448976631753
0.367314732307
0.259521450171
0.350065885316
0.327595464006
0.317458824367
0.355907079661
0.281803097429
0.267604302302
0.335869653806
0.342291754048
0.35617464859
0.313010637356
0.299326501624
0.331123026914
0.338165228215
0.233971308372
0.389846548415
0.264468886072
0.302387945711
0.272220277554
0.269109671195
0.212695368092
0.36390257734
0.323931778155
0.512263333337
0.638641574295
0.401124576793
0.492936383837
0.358065252264
0.323069805407
0.440440722183
0.45701276235
0.409235058858
0.677494788775
0.193327601329
0.22325367623
0.400005599083
0.300186363783
0.290294323413
0.219694814877
0.21278528911
0.291906769271
0.151860780555
0.292879761473
0.38571347632
0.384697469537
0.356309489352
0.501487953478
0.248344065812
0.387740854257
0.185217557916
0.583733991882
0.153702179191
0.232970281855
0.315147786961
0.366795770376
0.482451700563
0.185921812798
0.32711216332
0.234281480159
0.398361722172
0.22564237359
0.349890806556
0.32152627599
0.277419931468
0.251632163317
0.22585229394
0.132674805777
0.408885765339
0.206959940703
0.153415677651
0.169252108074
0.232975960456
0.274739401339
0.220375210277
0.119533326788
0.409549115738
0.247396362348
0.302054544097
0.188944133787
0.293656684487
0.175626418267
0.362011688225
0.25694346614
0.104164297093
0.228579127776
0.519041650751
0.323945684374
0.336451952728
0.215109436199
0.251975113044
0.302380046027
0.299288797217
0.245337811025
0.27620969423
0.504887791439
0.169352898669
0.339043890264
0.242219842125
0.304028641188
0.315431297787
0.203816997367
0.282212910798
0.309388169921
0.30435727172
0.588594213522
0.213067858924
0.123870817218
0.517545921648
0.337986902897
0.306853742846
0.329692392441
0.360493882593
0.364611061817
0.26714685741
0.230039591332
0.232442906972
0.222510538135
0.323686580863
0.201426518269
0.270161656499
0.354257344221
0.307620270193
0.238914042667
0.914926397212
0.696643234934
0.710890776463
0.513315177005
0.460317848712
0.521836719828
0.495057622192
0.407885080329
0.50628609739
0.376021348651
0.418459367806
0.214003558486
0.319242116902
0.421647129688
0.499479983003
0.607717191562
0.586986079731
0.516427847227
0.706393446897
0.359633661102
0.706239882768
0.346160354778
0.680158075446
0.302223500186
0.398595505892
0.229889822928
0.425501809492
0.460235179166
0.391230243967
0.424909807648
0.206392356979
0.550150071112
0.337034597963
0.461031697365
0.350562056295
0.3330954182
0.350796993011
0.39965805738
0.242804173323
0.334524303871
0.307978710139
0.321790010027
0.559793687763
0.158044525523
0.356429236086
0.328551993051
0.397360247875
0.264381257943
0.392639608909
0.266183647434
0.327161133327
0.370033587235
0.1707330673
0.24586290446
0.627761331426
0.286498462846
0.395308653876
0.413222306248
0.239608032172
0.210699849415
0.382123298322
0.424616330148
0.303837018507
0.244692916656
0.507580989453
0.282659165153
0.357407646518
0.264825774947
0.345624205813
0.369011326941
0.384167315858
0.185567846282
0.292701011458
0.476846038669
0.221481530635
0.19860006228
0.262473766907
0.408468884735
0.46678094739
0.203880274055
0.279282462629
0.380154765074
0.284825141489
0.272827761746
0.214715281047
0.444466568713
0.24977169233
0.241651896093
0.343298331769
0.279811115445
0.213195319106
0.38510820185
0.606750016684
0.398920199783
0.355773946564
0.23213799218
0.201761077052
0.289178776497
0.174891621074
0.43830701351
0.489239562169
0.68781336481
0.344956666367
0.400907355668
0.552439530332
0.574368393795
0.390319585141
0.545388082388
0.300130909621
0.448122648294
0.34683909952
0.320744764701
0.227555916937
0.374258344849
0.460282612591
0.244122213464
0.343687893122
0.210364703637
0.339199693671
0.402595838255
0.445343385113
0.219002266267
0.16637862523
0.252849215377
0.25398852397
0.200780430172
0.501555184284
0.250582589661
0.556409003275
0.316691033188
0.495124982373
0.229256821912
0.417687197422
0.27600084499
0.38831008662
0.330608656082
0.234544258154
0.325795622955
0.329122967183
0.234602117777
0.208940208752
0.261322640223
0.275671746489
0.40210688064
0.216572749722
0.427181139407
0.284401703556
0.213311486321
0.272503664651
0.194034093232
0.368530720592
0.12919632439
0.531876942837
0.267333603326
0.488189340424
0.28476949643
0.410866905383
0.177892553407
0.397988704471
0.260495367078
0.272850964159
0.330949890804
0.395988596117
0.280118252121
0.394792566567
0.294438940421
0.196580283526
0.318647897058
0.276925441454
0.333637448749
0.34329774779
0.204418004067
0.250201598074
0.34214525677
0.290535331048
0.364257523702
0.281715070488
0.26517395576
0.302661735237
0.336920291261
0.178400347183
0.253123211821
0.209467049051
0.291099659006
0.426645419814
0.253839795904
0.332176691938
0.30975161449
0.318577543672
0.345044938294
0.274225598398
0.240247618919
0.205398761801
0.309387814984
0.321680692989
0.272744082726
0.282410530173
0.417142103793
0.272880478192
0.345240021985
0.435561173348
0.457786492635
0.455276229751
0.355846870931
0.458801767952
0.453812629019
0.186340659187
0.439796594055
0.442377494141
0.40617319268
0.381497094403
0.530113713874
0.259479784452
0.481724995423
0.29270815
0.416428222443
0.329892284935
0.219557458416
0.198120406847
0.503801515535
0.201517646134
0.296828193002
0.384901382924
0.231932184111
0.210376284008
0.422098234513
0.197537171243
0.302219631032
0.340869058144
0.376124273372
0.213071753295
0.475997119532
0.313341478405
0.340145303282
0.396700595157
0.363841522842
0.279150477236
0.469305159704
0.428488381282
0.509344447855
0.31919280142
0.246174684944
0.301596859045
0.239600562496
0.395566416406
0.283652479189
0.279751346363
0.331708192092
0.293002284758
0.379349425744
0.32587333629
0.17879385019
0.366309884182
0.232380530594
0.229969610198
0.379959816159
0.356956812068
0.37307249767
0.359348136147
0.244957109714
0.261803802233
0.279616065678
0.336895201876
0.291662057859
0.273656906286
0.24414575404
0.274483503715
0.37130880539
0.257498031157
0.295994126816
0.314687768479
0.461344116568
0.36140567494
0.246358452156
0.236656489764
0.300015885246
0.298735266443
0.146392451505
0.342531509143
0.275674696827
0.190012466678
0.331679635755
0.361556687228
0.427726733599
0.317072000711
0.246552537601
0.209810003649
0.273640485554
0.279190797414
0.258738975464
0.325209554062
0.418316064339
0.248544607446
0.229690884968
0.442136162161
0.390869869508
0.228446995336
0.307849802559
0.283686186358
0.239661861094
