0.556994595302
1.0
0.54412322525
0.745614278845
0.590502806151
0.683182106667
0.905393590972
0.655885671432
0.22413437689
0.552470121852
0.808489408189
0.622089191041
0.773395244688
0.782629015602
0.714431029372
0.794855688418
0.572893436141
1.0
0.65296425829
0.838535334252
0.230208907938
0.842161494879
0.445052499998
0.801994319492
0.642213337971
0.921537558475
0.737231354448
0.573839504464
0.891570658466
0.636988713056
0.280644274817
0.24771981056
0.827557625697
0.583595318492
0.643706629572
0.235867527381
0.440472975243
0.670176021337
0.917664739613
0.608243889824
0.964434164874
0.145549730114
0.891558929382
0.827518215252
0.950807992188
0.523024088654
0.823988774755
0.728941432424
0.889229029546
0.188978069675
0.110248377076
0.768309038902
0.404720800669
0.465441221154
0.279962521824
0.66071673772
0.497736125834
0.638214517046
0.508003022958
0.893544337226
0.774555404036
0.694807322979
0.838461587801
0.290500477425
0.786020353944
0.748142506235
0.416029451011
0.684045972462
0.921537558475
0.907050510899
0.723315331669
0.75260918219
0.399264408061
0.89328506251
0.975550833898
0.425042017644
0.778282513918
0.947740241256
0.950597732788
0.750523217002
0.478428538939
0.860096835651
0.600936525683
0.799134762641
0.259160707553
0.738063655595
0.490072388961
0.90522297079
0.71820711903
0.975550833898
0.461454471072
0.838940444411
0.684619749271
0.553216790919
0.66538511448
0.58305626334
0.848479193403
0.730727340525
0.683772287803
0.834232120673
0.828789243173
0.460561946066
0.440614594082
0.246040793274
0.664522665692
0.553519417157
0.964434164874
0.874435856793
0.964434164874
0.503259263202
0.975550833898
0.909957029245
0.558156709405
0.889229029546
0.774858745954
0.564472382022
0.748253547919
0.611289779902
0.730286911274
0.877657788237
0.474108844712
0.856863518692
0.40797145168
0.667134862817
0.797082717713
0.416666666667
0.84141278645
0.951723807969
0.803906267241
0.929471031917
0.216036078633
0.939162054053
0.763105704181
0.819086047723
0.26921753085
0.670192438147
0.853535372926
0.964434164874
0.715605411052
0.759416617992
0.496165676932
0.483836160693
0.504390166479
0.564452634967
0.631205927227
0.784228066015
0.191358281055
0.868917884151
0.184650273311
1.0
0.703325377411
0.511064801742
0.746915635942
0.550778663675
0.577840907621
0.861361003874
0.727456578376
0.434477912454
0.894979581826
0.763442615811
0.503305866087
0.808049155367
0.921778225474
0.178100784814
0.523628937912
0.754818975795
0.788677401052
0.679745640366
0.324765696039
0.901714423614
0.89945457612
0.729998860209
0.925360659054
0.542917121692
0.852850766561
0.975550833898
0.253131196757
0.624296986503
0.880146871214
0.802242011376
0.753265112696
0.818816739446
0.585629693992
0.252180277358
0.76273598757
0.330258091452
0.221827685197
0.875
1.0
0.740833245016
0.600543287854
0.542480930248
0.756036898206
0.584057110677
0.561662168169
0.964434164874
0.779266324322
0.779302690117
0.635589720715
0.748880140631
0.860767909979
0.458211775526
0.311336287225
0.75454038155
1.0
0.945224300913
0.969514998464
0.815807157031
0.759416617992
0.630683317056
0.441665659016
0.891369871002
0.344427251968
0.787543790374
0.685550686783
0.102117698674
0.75
0.969514998464
0.71227364379
0.659986419855
0.743199751162
0.238319572942
1.0
0.836730955199
0.367086610082
0.764250897718
0.569630794174
0.734144802634
0.74753364195
0.724264128766
0.658722813551
0.506232657092
0.889229029546
0.925590603671
0.432285499399
0.964434164874
0.833333333333
0.483837647534
0.575232258651
0.888772209099
0.614716295658
0.872296790324
0.545846206918
0.79450066764
0.639038466711
0.831934289421
0.708944962977
0.794204181959
0.906988254589
0.481639088275
1.0
0.532019912571
0.319737392669
0.9070605644
0.647509824044
0.71196421621
0.964434164874
0.562485587084
0.461454471072
0.257333107637
0.871986581441
0.587118213205
0.643442132889
0.53140926367
0.838356788129
0.84935107198
0.87634163716
0.457313890187
0.683101579003
0.796471317394
0.624009620316
0.377989403253
0.722953850541
0.798523211595
0.645418896809
0.497913437204
0.337779490668
0.802875146003
0.891370812498
0.605844393587
0.964434164874
0.614991912922
0.784731901387
0.789903514434
0.640095420575
0.230461379048
0.810731207789
0.796697415172
0.968623860944
0.969514998464
0.854658836393
0.794855688418
0.80235396762
0.764607266465
0.8392263327
0.761229186622
1.0
0.61516531799
0.71820711903
0.34397847975
0.721560206878
0.902361725476
0.634478751837
0.694611655499
0.167656005943
0.664481921692
0.93468650405
0.561960227957
0.160655603815
0.670240006867
0.768309038902
0.549717491909
0.607379928626
0.626618151332
0.644800677771
0.79179067468
0.964434164874
1.0
0.590442608902
1.0
0.964434164874
0.602773559291
0.853409036919
0.199663678736
0.892488863171
1.0
0.868834619191
0.588363540871
0.793010678256
0.242218672716
0.915365238301
0.906906000744
0.674113321628
0.246355174658
0.881528713488
0.245186865165
0.470061185833
0.856200565146
0.925590603671
0.723315331669
0.64294532185
0.516303804006
0.651259794831
0.613977232691
0.465100992188
0.841146487236
0.696004021829
0.884245865851
0.161155237413
0.195988101399
0.789049140167
0.0594249122884
0.930074019826
0.975550833898
0.837526247086
0.69654622689
0.608529303512
0.14891747888
0.654920230114
0.957320997849
0.611966401106
0.505207154298
0.820375749028
1.0
0.669625618323
0.456281539735
1.0
0.770625785864
0.80391958841
0.71227364379
0.415054808386
0.927124764507
0.827284823538
1.0
0.749722258403
1.0
0.58802784344
0.839645218488
0.879772783771
0.89945457612
0.571754645065
0.964434164874
0.447435223188
0.866615233712
0.891369871002
0.645019090517
0.756043569771
0.721560206878
0.791213026371
0.745638134476
0.516428737099
0.729608824761
0.671879491595
0.891369871002
0.653022655129
0.880692564276
0.71271197632
0.610582187205
0.927392486775
0.169261304787
0.581593541832
0.618425047488
0.507953731164
0.750925170561
0.59807989254
0.357192825638
0.537683803066
0.46036716812
0.859806771532
0.331756956756
0.68323916397
0.740307725549
0.861361003874
0.55616759518
0.75
0.66341184913
0.66166927063
0.566698925962
0.105373549846
0.380343185438
0.707342307291
0.355335667955
0.742589577331
0.476769021404
0.627259059851
0.830446294535
0.831376162077
0.71820711903
0.498654802234
0.612431613805
0.392676929812
0.879040832002
0.623551169295
0.87218438349
0.889229029546
0.765778443827
0.642935110492
0.439862335198
0.503183285812
0.858911362078
0.706993048688
0.952980687945
0.649044697074
0.802498111856
0.899483904188
0.553448370833
0.513503586081
0.726027183586
0.211854978843
0.725205619551
0.774137037775
0.857306234656
0.798322877454
0.621231333695
0.237780687993
0.640087571686
0.462409500638
0.609706023797
0.832165251641
0.831139147711
0.824069463183
0.802242011376
0.429694177329
0.780845257796
0.658889179733
0.778605283544
0.371636026942
0.879286392737
0.872165492134
0.542780418243
0.733917506229
0.493186438179
0.533148305077
0.765201065855
0.516288569594
0.680831138779
0.645477600435
0.670785891961
0.89901356435
0.818943909826
0.576348859684
0.666434677831
0.491994680993
0.535893792847
0.756959539254
0.964434164874
0.927124764507
0.753370971293
1.0
0.79208917496
0.879286392737
0.730354698854
0.846678424917
0.815807157031
0.242218672716
0.292936654897
0.706026832033
0.576847970832
0.64939209561
0.458217914204
0.720615381615
0.640778741233
0.685506040383
0.770940061891
0.923909346301
0.770661488286
0.174428471452
0.48527674534
0.5
0.269735313317
0.925590603671
0.849182796155
0.643030678049
0.859207402908
0.517158151365
0.602539655558
0.72176759794
0.309238699232
0.182482768321
0.668890830276
0.788376626995
0.848752749621
0.186398049083
0.50112823209
0.199972630013
0.67184292092
0.931689445565
0.802875146003
0.975550833898
0.995298237288
0.1979443853
0.752072362985
0.239084719386
0.695588072343
0.631064640528
0.885074284537
0.893258797833
0.964434164874
0.611194261743
0.584711821779
0.7775591986
0.357298610925
1.0
0.876665385599
0.235946506398
0.824717792003
0.65557019854
0.872296790324
0.597201087955
0.699802329487
0.535943036602
0.532342569535
0.720878267599
0.648349801131
0.793348610386
0.927392486775
0.164160725932
0.862924444552
0.725598939837
0.527616929283
0.596188840836
0.500077662052
0.943191207958
0.865913412379
0.823943001009
0.447775223123
0.724264128766
0.48126695395
0.683381136513
0.843235735595
0.489404471861
0.856863518692
0.747623509592
0.169196997264
0.798666567605
0.459001678436
0.357284650148
0.703642783314
0.769139109955
0.917997919692
0.303458492494
0.957320997849
0.531781814897
0.769475698039
0.644070687587
0.653799215161
0.69074255404
0.487421492206
0.592189111634
0.844272065264
0.615760134676
0.6955706966
0.434301310984
0.671468300988
0.720381970416
0.591518429611
0.890540105992
0.760759837456
0.433321039412
0.500443744271
0.4898191438
0.491377825749
0.701711952363
0.951594991183
0.832175941293
0.472263824264
0.853332620123
0.647119271988
0.833333333333
0.860835524773
0.391800356335
0.175225293246
0.609833565657
0.755215514293
0.344350290815
0.486692104323
0.613519101418
0.49655805462
0.788677401052
0.487913370536
0.874511777075
0.640990380452
0.91287098413
0.185996931513
0.692614450556
0.872912804187
0.64054268643
0.94048688158
0.964434164874
0.907050510899
0.780189472873
0.877933501177
0.207826056603
0.693744438489
0.756028145754
0.964434164874
0.796152606292
0.433892681246
0.852091015355
0.444487923111
0.785361826606
0.244000468907
0.969514998464
0.40273593514
0.740161021886
1.0
0.260225742251
0.890056777689
0.788371226347
0.547000244499
0.284791225141
0.639932710821
1.0
0.546541889183
0.416778942994
1.0
0.496871814197
0.793010678256
0.798051760352
0.692046260738
0.772887575033
0.957129763188
0.835425694154
0.896386313699
0.66455531269
0.540686004945
0.761683211285
0.744752145022
0.401525445576
0.903199616646
0.804905806774
0.770893467178
0.619046074155
0.338174004836
0.690894290943
0.847602471747
0.811483383014
0.591417372831
0.651193283231
0.848676117008
0.981192949153
0.713171668271
0.744390242783
0.814137595743
0.199972630013
0.133505091311
0.246018845397
0.69238790782
0.858925528015
0.653916731291
0.159153026894
0.833333333333
0.553906267241
0.711694283316
0.856863518692
0.867716472095
0.891369871002
0.136013895652
0.964434164874
0.964434164874
0.309765366741
0.423859532954
0.464492674639
0.6495638732
1.0
0.937764988664
0.784834424942
0.779323710042
0.747774389438
0.625341073658
0.635945259886
0.417886569712
0.795327619518
0.506433280393
0.706118989876
0.742068377601
0.471086462458
0.72686859294
0.969514998464
0.606096085704
0.975550833898
0.802942924525
0.927124764507
1.0
0.609290263577
0.90771127652
0.453123115184
0.891369871002
0.796862532272
0.93819251672
0.584715166518
0.964434164874
0.55707161071
0.825590603671
0.670139034512
0.353701325002
0.608647402006
0.607562309106
0.367122244011
0.658552469103
0.627764776216
0.836848055976
0.917997919692
0.716450227014
0.574212140807
0.734721823047
0.645812963713
1.0
0.770870658522
0.487755576894
0.723506002216
0.71979753138
0.964434164874
0.904632106525
0.466064562126
0.499284610271
0.444631001265
0.796559913809
0.969514998464
0.37277830028
0.654149882246
0.892581139632
0.448808356607
0.638161458301
1.0
0.947740241256
0.852423186218
0.230396667908
0.483913295434
0.830871069
0.748314576362
0.891370812498
0.749213234109
0.652347388385
0.795327619518
0.795327619518
0.219404095162
0.615965817782
0.630222235635
0.729929285432
0.470301414006
0.748314576362
0.845477600435
0.687133470953
0.651956798005
0.796697415172
0.70456457206
0.170320914883
0.725779925773
0.349195836684
0.785411715532
0.606147549381
0.611597099985
0.231296902742
0.803577669218
0.404664190522
0.691849771647
0.964434164874
0.56503300341
0.773870392986
0.614991912922
0.346680308073
0.589585185009
0.800094978952
0.297733668059
0.260980044449
0.58720794303
0.927124764507
0.921504783351
0.969514998464
0.576294722384
0.939030281465
0.82163279332
0.895623823084
0.55884880305
0.33781831444
0.377000733415
0.78485151709
0.654149882246
0.684930128072
0.396745169057
0.615054775818
1.0
0.840568896547
0.964434164874
0.426204264311
0.422417832795
0.62359828586
0.833333333333
0.74079426304
0.72828971218
0.616379359875
0.737388737537
0.165797846384
0.840764155645
0.791213026371
0.839647593772
1.0
0.645477600435
1.0
0.515423127625
0.51433030083
0.789511353809
0.547143941726
0.140522943927
1.0
0.372666981637
0.590606742137
0.815803403163
0.389055848621
0.425440455039
0.660057738539
0.58495670422
0.503670517488
0.487500991725
0.787805412982
0.664659994845
0.671794417134
0.484218494151
0.838461587801
0.447883963165
0.624127623112
0.625822630365
0.837165315249
0.403893398966
0.836848055976
0.132351261523
0.535027678374
0.56615713722
0.89328506251
0.721560206878
0.929471031917
0.836496837634
0.396444327707
0.995298237288
0.662442088322
0.540563379359
0.738903098288
0.644521566503
0.565595813464
0.730635252384
0.559699290372
0.76698106752
0.479260825356
0.835425694154
0.319676938118
0.807139789325
0.561150255234
0.674515389197
0.597603471743
0.27040304132
0.764372372574
0.474070053732
0.891558929382
0.925590603671
0.748142506235
0.872165492134
0.825590603671
0.184986911713
0.537650415217
0.368992812383
0.721560206878
0.659244909586
0.969514998464
0.964434164874
0.73178328559
0.656170434345
0.611967321289
0.411910632903
0.717962133733
0.856559127329
0.71979753138
0.59807989254
0.665222807387
0.852431459475
0.948131066813
0.879772783771
0.66166481634
0.780202331903
0.420517475363
0.832893383108
0.847602471747
0.799285062355
0.683827547059
0.186720369327
0.706023395768
0.798666567605
0.75465602553
0.224905783512
0.573839504464
0.764965366259
0.806209353982
0.697439019098
0.83138138404
0.876665385599
0.572893436141
0
0.739097258823
0.626233713358
0.369715779041
0.856863518692
0.299401448269
0.479900763466
0.944576904719
0.478530005718
0.69635452379
0.925229317201
0.475564563808
0.71391729275
0.475209893215
0.685506040383
0.740858979568
0.433233805101
0.516797851429
0.559951434701
0.802242011376
0.240658625325
0.589441193865
0.705450424961
0.721457292644
0.624622083665
0.257070634857
0.794204181959
0.741220342832
0.915365238301
0.661907409898
0.46361255588
0.697898402434
0.853467590897
0.655885671432
0.817974932924
0.964434164874
0.494477164503
0.505325874048
0.786893030293
0.696043700994
0.804988207654
0.638645358504
0.80894578862
0.515246949363
0.971789423729
0.795327619518
0.479733728676
0.719886996764
0.63614672545
0.734482420331
0.795920350647
0.87634163716
0.855627180111
0.511064801742
0.557161304726
0.69987160147
0.162117639868
0.633454435951
0.813976509178
0.622471521201
0.649349790814
0.434801485696
0.725890170088
0.568142734324
0.454596388696
0.678704025908
0.861025770569
0.753772289505
0.579065022251
0.545498293855
0.727400882921
0.419151769296
0.532019912571
1.0
0.709184472175
0.813780143502
0.452646617507
0.790890215952
0.443133996265
0.969514998464
0.759985455729
0.937535512435
0.828959800327
0.828236222431
0.925055561578
0.528938395239
0.613280880999
0.748091473245
0.191107544473
0.481721028586
0.414344265401
0.427417242678
0.964434164874
0.620934398052
0.478918761047
0.849499949972
0.856978159689
0.214274189835
0.47795042081
0.82779741117
0.597396554857
0.823836581499
0.451717023851
0.802242011376
0.820035182193
0.859942691563
0.447794033614
1.0
0.42482425528
0.511011369919
0.617209841883
0.811552500971
0.891558929382
0.794280262144
0.899497605706
0.864070047639
0.794409820008
1.0
0.793348610386
0.843669031878
0.964434164874
0.577674047528
0.969514998464
0.7119736126
0.467824327456
0.50663600999
0.454712415317
0.510698803025
0.542337338034
0.81611149995
1.0
0.962926316763
0.708944962977
0.71170023772
0.872296790324
0.518083576163
0.826424334074
0.808910202682
0.610582187205
0.899918880896
0.821710701294
0.647142947524
0.31079819456
0.89328506251
0.51364611669
0.853096286348
0.505490179314
0.665419194277
0.808283050581
0.932682007024
0.858925528015
0.545933570916
0.853332620123
0.739762824148
0.530812940584
0.67252860725
0.933633204649
0.824119431233
0.964434164874
0.787898000362
0.23695811307
0.238443547375
0.677484619826
0.906988254589
0.67149927913
0.769192357108
0.736098745975
0.472633062379
0.812036281942
0.647057341512
0.975550833898
0.839645218488
0.747796364574
1.0
0.314665693734
0.644236434129
0.853332620123
0.720035958588
0.646655099971
0.522047233879
0.677121123137
0.669639631662
0.832924160558
0.822272290959
0.362785221371
0.781137979456
0.665913402902
0.689962345728
0.881409463673
0.721560206878
0.495898155175
0.452082213359
0.833333333333
0.940996060889
0.894402021287
0.601431510197
0.650899447893
0.191654347099
0.909474892501
0.636397938947
0.498276351922
0.570721853512
0.867806061454
0.584260436236
0.757756946584
0.964434164874
0.467747744801
0.698246218187
0.182691953239
0.684941079928
0.27284127336
0.185170212004
0.793189755141
0.714221170329
0.975550833898
0.719884474337
0.496315838759
0.625187444442
0.62311286257
0.436076871977
0.518790875884
0.739860729275
0.539755178155
0.210840640692
0.551269708231
0.660144020063
0.559554197059
0.685933760488
0.373205252615
0.700308425636
0.868531695643
0.491294162238
0.398996537163
0.93304492088
0.599120770874
0.92723663218
0.891369871002
0.614140136007
0.815807157031
0.544072033197
0.895922002182
0.469715448657
0.485978040779
0.629443723753
0.464048226396
0.964434164874
0.889229029546
0.488327865688
0.502214901302
0.161411091681
0.63821061076
0.458193883738
1.0
0.476649713547
0.683772287803
0.689284424925
0.842086005132
0.21298219935
0.919054501567
0.461454471072
0.940044449263
0.900126648049
0.847579806166
0.457107383843
0.618891516925
0.534061884771
0.649158795632
0.48059205508
0.446651680294
0.856863518692
0.964434164874
0.488804143628
0.452468629006
0.857945345391
0.964434164874
0.906906000744
0.645214482253
0.665959055685
0.633136092466
0.884245865851
0.497032126491
0.855602220479
0.495306245421
0.416996895782
0.318182484881
0.46911255999
0.657186975865
0.981192949153
0.820035182193
0.505755676921
0.822289612724
0.687180200271
0.434371030039
0.615921505094
0.391800356335
0.856200565146
0.701194746155
0.546638108851
0.506527328699
0.546098141211
0.794537541478
0.964434164874
0.820241946344
0.520712765753
0.84537127702
0.810034387003
0.416666666667
0.921537558475
0.63746428525
0.184974564647
0.907532090551
0.702473468806
0.743049223034
0.845493677657
0.943192440272
0.782629015602
0.478397810721
0.57101443894
0.867463201643
0.802242011376
0.797803747083
0.761096544651
0.0653720443337
0.194823820062
0.420764991923
0.71820711903
0.832550005421
0.648632270652
0.117734093511
0.794235157081
0.402214440783
0.724926334481
0.57872447291
0.635250853818
0.90859426984
0.917897055462
0.46860041428
0.957174606616
0.995298237288
0.317056716488
0.46745713316
0.712666758739
0.838270581319
0.562000402124
0.201180692052
0.858911362078
0.24938441078
0.964434164874
1.0
0.846610219684
0.929471031917
0.853981057814
1.0
0.768498034996
0.678704025908
0.829004135994
0.726880582734
0.440352335191
0.964434164874
0.220382226929
0.525892668175
0.950597732788
0.891369871002
0.611602893115
0.511064801742
0.964434164874
0.13870337416
0.781988254589
0.698246218187
0.688671581272
0.560253837176
0.75
0.214557033056
0.927392486775
0.10200696895
0.62359828586
0.796862532272
0.769192357108
0.796862532272
0.864178133022
0.400717473902
0.964434164874
0.708944962977
0.605765190264
0.872165492134
0.826424334074
0.656694379041
0.794167720103
0.84881266191
0.964434164874
0.870675376876
0.651740522586
0.597603471743
0.975550833898
0.872296790324
0.577558050374
0.56760122251
0.636363114843
0.89945457612
0.554550291539
0.476278125789
0.851436377993
0.440614594082
0.484332605937
0.589471435969
0.655885671432
0.815372390404
0.503520392554
0.44442897414
0.618626413792
0.34858274869
0.458390151817
0.76589190873
0.889229029546
0.901395269689
0.93181388236
0.160529954749
0.886192718309
0.453178832026
0.844339272369
0.72959411062
0.480179676445
0.629608075152
0.723515299303
0.89613933967
0.803726957655
0.39075213559
0.378785788616
0.674835084561
0.524838116773
0.895623823084
0.721117003901
0.152644909207
0.380177031084
0.722646196736
0.705257160184
0.808867682562
0.72113640459
0.977639420654
0.725642780734
0.77225212471
0.246341185102
0.718533530103
0.539995498831
0.666559473027
0.42463059993
0.689400656201
0.929471031917
0.479619809136
0.794943460565
0.856559127329
0.480343165631
0.718036344539
0.235249616164
0.964434164874
0.446917039722
0.692043092018
0.53143724472
0.775371912113
0.761265810198
0.806847000543
0.921537558475
0.638106130466
0.954316557756
0.969514998464
0.802644341568
0.925055561578
0.446468606667
0.725598939837
0.655885671432
0.671163634399
0.74902324143
0.663424556469
0.896273731545
0.441875183397
0.770218411843
0.642526958381
0.651180531483
0.8
0.879772783771
0.793760469923
0.405945835521
0.836544179461
0.82618150022
0.818812226661
0.289458548352
0.381622145735
0.747682457723
0.265522462869
0.79208917496
1.0
0.509035164694
0.867806061454
0.791213026371
0.865828514146
0.475370619119
0.762307576034
0.244341581627
0.488302224721
0.239710477922
0.84537127702
0.915365238301
0.637418783046
0.891369871002
0.365598274193
0.72828971218
0.969514998464
0.832550005421
0.599419026555
0.457466884738
0.780624774566
0.884245865851
0.889229029546
0.865282766058
0.795327619518
0.90859426984
0.759170601512
0.850933446622
0.769192357108
0.61049283793
0.454844982128
0.217829366505
0.806043492097
0.277775023482
0.805701123033
0.927124764507
0.419470902072
0.71820711903
0.561662168169
0.786020353944
0.637245765264
0.52271787027
0.419663182183
0.66455531269
0.620522842978
0.427500936013
0.678591845867
0.609706023797
0.775761236664
0.471399104033
0.609706023797
0.586573132952
0.465682937212
0.633454435951
0.532019912571
0.647345630388
0.708420119698
0.53696331135
0.712571655669
0.520325595849
0.496165676932
0.88671399298
0.664626289636
0.74248611123
0.526691124866
0.873653613715
0.80960696926
0.656988254589
0.798666567605
0.792046169367
0.895623823084
0.579391386933
0.785411715532
0.109089216302
