0.876835709321
0.158499614746
0.5030785725
0.752040943937
0.538840937734
0.816235119283
0.836244171337
0.845123760827
0.856293708951
0.695497550515
0.924847100431
0.679773474765
0.872287511197
0.326940336725
0.85831231734
0.956732718937
0.927847738317
0.4769327013
0.888563119102
0.727532453811
0.757623931747
0.731964235724
0.853904375923
0.758136153795
0.65915889923
0.804266170758
1.0
0.284546532289
0.599376165823
0.875586965216
0.702568759794
0.846725863802
0.496473335024
0.64613664333
0.9
0.849119167506
0.623049861779
0.383629421392
0.554306156583
0.782459956588
0.523307115929
0.624510910339
0.841295155675
0.671354732567
0.872334147166
0.391689404551
0.276478763107
0.454334077237
0.983813566663
0.624734437611
0.8207395855
0.622360552831
0.802369396142
0.714193158427
0.733785762497
0.388082712627
0.907665114888
0.758275097684
0.844331961883
0.853624611325
0.777088228026
0.958043576119
0.857194905993
0.808840744045
0.617744314714
0.49660483716
0.949946654439
0.841544774926
0.766856436113
0.789983351575
0.828589849879
0.904765763398
0.946918313121
0.695221904134
0.745962467921
0.926547016056
0.83375886097
0.918251424023
0.60832091291
0.902814524351
0.530102384812
0.796271760417
0.898867277568
0.416377028195
0.625232307601
0.64699172783
0.899054833703
0.844484924836
0.475930362438
0.713716275103
0.427936270745
0.766697733871
0.778502844108
0.63523560692
0.573746870837
0.624577837426
0.809393977936
0.88245596765
0.763546817581
0.876236739022
0.659390334248
1.0
0.684018429155
0.881410448876
0.508769104353
0.910195343911
0.836888633607
0.545728846362
0.790834670983
0.727003436367
0.877929207248
0.78509254431
0.894010310386
0.785311645279
0.85349876007
0.734225972788
0.777030939904
0.761080691269
0.890084534881
0.4810667216
0.800844846261
0.741557378525
0.79217782022
0.636190969976
0.295234225221
0.886258075054
0.670909818834
0.703881717114
0.686884970808
0.768963737182
0.884576111143
0.7882094763
0.770711554853
0.481141881826
0.699850434108
0.644294405807
0.897191705891
0.718491688075
0.326106893653
0.680132873468
0.420005436587
0.393114865218
0.610819784671
0.836460666396
0.592879064188
0.701001792524
0.542673660155
0.752751512525
0.794944373676
0.775113969864
0.444617223789
0.778614437872
0.940701330751
0.700795909816
0.863967272928
0.741570161128
0.793866021031
0.446423682816
0.621072029561
0.33760917533
0.855730517296
0.823695131277
0.700298206359
0.812050009107
0.285205115482
0.815521590194
0.916609400806
0.753046828074
0.819245291403
0.916186897602
0.800768462643
0.456849803885
0.475904266143
0.722122757401
0.604969105995
0.660600691119
0.834952453718
0.683620863779
0.54773524395
0.895286055585
0.846911355375
0.745994833452
0.75718948223
0.911916626244
0.806970619989
0.513563281396
0.607625822059
0.856990777351
0.736019155771
0.803662270414
0.875383704965
0.772053720789
0.64306578744
0.820073605778
0.369810653513
0.832912898243
0.470952707026
0.674142503579
0.680332079477
0.379365969216
0.804120082221
0.586028837897
0.385969524334
0.954960738385
0.418122049749
0.797483613145
0.746424219907
0.77592533111
0.633634577391
0.615091170385
0.704114396942
0.828382744573
0.734977046016
0.606569586221
0.841792332859
0.60346793299
0.813337775015
0.865446384899
0.800493613164
0.661539019372
0.872640912492
0.782216852304
0.655122475258
0.466242822664
0.764812643955
0.811446671896
0.676892834264
0.942793016994
0.622256682946
0.651907428906
0.854274163641
0.837312838849
0.589907497748
0.410315192117
0.922034828172
0.601827905579
0.618078061978
0.592486000948
0.875779020681
0.864413007249
0.631957531507
0.844078758903
0.597409533155
0.604766697402
1.0
0.380254115658
0.689765318355
0.927272490894
0.8105763864
0.817476026174
0.791194526252
0.598490495578
0.804093279416
0.479617591759
0.437947533391
1.0
0.491132350851
0.633340958516
0.639281955616
0.460426185488
1.0
0.891606966789
0.639473139629
0.800544724196
0.878706173417
0.764373314144
0.71732056454
0.693805286389
0.818797052678
0.631196178374
0.809522556311
0.61315861683
0.859328414185
0.740389029407
0.647610273582
0.882008646646
0.82201089571
0.78137488739
0.697008793503
0.588729825257
0.881272149407
0.213928294444
0.605786974033
0.666666666667
0.693141568473
0.7757171805
0.437864981803
0.89718077031
0.577757743235
0.812455890053
0.830660209441
0.874275711367
0.781890962645
0.44862707531
0.823883272393
0.846322095161
0.658897625475
0.81483027525
0.380132381812
0.80014737877
0.891985578495
0.739859770573
0.829534296945
0.625871603736
0.928947437643
0.679688277361
0.900106119505
0.725763964232
0.780112409705
0.869159279913
0.921857770377
0.435621881157
0.896484976473
0.829714389762
0.719856431117
0.578627001968
0.762966617485
0.80473881973
0.591899958233
0.810511458205
0.467952109188
0.357303910564
0.936822676137
1.0
0.383325494662
0.877301888355
0.822944149966
0.877349358725
0.476678579065
0.805250591941
0.703481080252
0.399495914698
0.817173418982
0.70638906935
0.819948945214
0.824218029135
0.89696353204
0.619417317788
0.909191679368
0.557590825388
0.916666666667
0.553542772411
1.0
0.768025082994
0.525399254417
0.640718401575
0.657151230377
0.70120335228
0.687144486891
0.813085624073
0.803127432166
0.639934770468
0.884154307587
0.364625399736
0.921612501571
0.827981746347
0.58951761828
0.967508857043
0.815167021927
0.869623707109
0.727331927835
0.789580936998
0.592937971622
0.739451134566
0.732906742047
0.587322006328
0.571145924293
0.517938740919
0.224549280741
0.613502522336
0.414927723072
0.813967441194
0.424652521924
0.660625042217
0.823834829206
0.652400664384
0.916203690117
0.579264763211
0.676060855125
0.577699004636
0.983045330332
0.591045548087
0.933656274554
0.68697866179
0.428779408013
0.770347189811
0.617266129814
0.656088879817
0.764490649845
0.759978325372
0.421796749168
0.759935645699
0.732228888468
0.738198880324
0.649731525443
0.606158451419
0.632599071662
0.737239855199
0.81268809928
0.879871313149
0.846764299969
0.326045129793
0.628527939894
0.897975454696
0.753913004136
0.908382044206
0.740379389045
0.856519943617
0.754762964925
0.50493663939
0.430961179746
0.931626382257
0.793293747207
0.727278299212
0.676984259567
0.45947366657
0.458528285503
0.671337419054
0.63920905717
0.373188373293
0.791262671421
0.764708840878
0.635355103032
0.196842905019
0.532819606913
0.750554688402
0.739208318361
0.939417795535
0.638032821029
0.978167691715
0.889054296516
0.627959798892
0.658440743277
0.374929578674
0.547543371371
0.474092621616
0.714843361362
0.702990675597
0.858968750847
0.751163900657
0.300933993772
0.758109972709
0.910001697442
0.862340587248
0.905504783142
0.799258025673
0.821602256765
0.426699782469
0.945586171312
0.472153093924
0.830422558988
0.633490044331
0.889001088978
0.279147685448
0.514692781217
0.793981081222
0.46178013719
0.808268096077
0.392336958298
0.82962612228
0.770073944736
0.833306885759
0.813830169523
0.655579048999
0.508020003088
0.286599062298
0.832343023491
0.733972366838
0.815693457403
0.81392741034
0.317103977304
0.312454008984
0.948639532842
0.5729642847
0.803256188759
0.589497706677
0.622705712917
0.479775208774
0.73110793902
0.884261479827
0.76486617343
0.933999383359
0.614820302091
0.686669350714
0.606883323591
0.717663316397
0.5275866972
0.837624558589
0.385178677766
0.701625024918
0.559674525455
0.685846668538
0.452492466118
0.67374954536
0.74306844603
0.554822854688
0.563723798964
0.437358165811
0.379170708367
0.770810221075
0.644259889808
0.811765318236
0.795609778083
0.867861740348
0.35241914447
0.81287478901
0.687920253558
0.834731012694
0.763692574872
0.590342629451
0.617330767312
0.87932670916
0.67869177869
0.590170008762
0.822559169315
0.541633964625
0.71181669391
0.827456761324
0.734837461325
0.805318639647
0.931626382257
0.722238401258
1.0
0.624438737031
0.603953313382
0.553036522365
0.714714408683
0.634851816265
0.682650789507
0.913111497161
0.832380346008
0.696740127657
0.794899069405
0.758694421944
0.782706178516
0.584011522542
0.928947437643
0.600718420513
0.905979410724
0.881850300521
0.164093594215
0.654782398512
1.0
0.933287520645
0.66524811575
0.607199767336
0.795065451781
0.900353502594
0.504708105516
0.60139171573
0.705509245051
0.605829588707
0.648323659255
0.756086830133
0.911379718369
0.778577400446
0.470187924421
0.38344511529
0.529854993921
0.721397577365
0.829702287727
0.747430472241
0.330284741306
0.784589125346
0.85110382574
0.705571868914
0.6858736593
0.731433577867
0.842354806865
0.249128443433
0.617542598506
0.913835650139
0.264189683445
0.491363571052
0.53545899823
0.656055442327
0.821093525878
0.854889803932
0.880645219129
0.811591790185
0.474878036844
0.72774897801
0.403486541059
0.665011516483
0.651392569667
0.638947831877
0.75676883833
0.69635375238
0.516515411917
0.790990995716
0.855920032977
0.480120450295
0.537448949347
0.312366191839
0.831264939002
0.863965428281
0.687835569829
0.684933018837
0.811446671896
0.66152124787
0.614634526172
0.849750216696
0.916609400806
0.768586436611
0.838958063538
0.81751762994
0.753772276106
0.816226878719
0.716532434343
0.721316489744
0.444904159146
0.780419941887
0.828983424577
0.930136305782
0.83395987741
0.629610312437
0.797671807193
0.85066647988
0.926908158324
0.899053596276
0.689323590956
0.651311088667
0.844561469109
0.727735217602
0.33117609165
0.643745002296
0.598421632614
0.419680405044
0.724987583748
0.606035057607
0.592655093116
0.448888188083
0.738851999367
0.813922088702
0.693530213538
0.829550014763
0.679789750971
0.214138864705
0.721140246019
0.509017949599
0.747679242306
0.374579708151
0.912615966824
0.577660645155
0.863072447751
0.639907877301
0.552941185709
0.754783819876
0.601137928551
0.761225310824
0.572768472693
0.726371237611
0.728215569541
0.348690257422
0.904747326233
0.868927645204
0.938061230818
0.913199821757
0.777982858071
0.689308089228
0.536901411346
0.560288385079
0.873439904879
0.742063203854
0.736583866139
0.339863665369
0.54068267106
0.70441603585
0.482562079955
0.642469887964
0.626375482956
0.776742621377
0.661441218078
0.816586037302
0.769722287593
0.520207481893
0.402287159802
0.850076985805
0.838200925764
0.620121067356
0.490368697801
0.593513951052
0.724369480597
0.886455552394
0.803662940036
0.650930201624
0.496821185878
0.915934184231
0.819130256578
0.657422059151
0.676717255266
1.0
0.584726255091
0.3851534465
0.690324326114
0.426578057412
0.766069158875
0.640739178488
0.788885136537
0.458906890213
0.634284978312
0.797683130064
0.89302444493
0.769295452241
1.0
0.603602477641
0.521754897343
0.506188933213
0.803105811335
0.463769168847
0.796577697536
0.69742596872
0.553219298488
0.400794856652
0.713308256664
0.853735175265
0.623044988973
0.768753993588
0.227350145664
0.656071566911
0.789698105762
0.915567804498
0.365559408837
0.578690359693
0.890147335159
0.72825073289
0.661059990892
0.724136987583
1.0
0.708761834578
0.616659102285
0.760682492673
0.579229127551
0.813625361932
0.886634968888
0.816426194759
0.526934886872
0.591777159341
0.743308304743
0.785092543503
0.718092272688
0.74523859237
0.738781162214
0.6145618561
0.44862969273
0.589665074765
0.704681323378
0.217047101644
0.251304803549
0.548433441371
0.374719937686
0.932962952094
0.926208175331
0.615301996872
0.566971355819
0.604916561698
0.773355582104
0.918380363757
0.766775013069
1.0
0.821094767029
0.92167058242
0.897977131193
0.69850794463
0.371725926249
0.814800931517
0.701133621741
0.665171446402
0.440603070632
0.904667540168
0.844530954252
0.780559273043
0.732467185554
0.505988546045
0.777982011644
0.631404351901
0.763198632048
0.772659788806
0.758706041927
0.539516784864
0.830517653725
0.458452595997
0.487547477538
0.817947080435
0.68505623655
0.725312085164
0.746205402822
0.235995426991
0.537904460578
0.915832952443
0.809044855449
0.594135367437
0.859729851326
0.563305814992
0.663658313321
0.627677251396
0.521447421419
0.269902668926
0.761855675179
0.363910430007
0.921495855184
0.455509514679
0.880039213095
0.826033331256
0.885418432395
0.545949942995
0.740586133881
0.530366663623
0.570380448945
0.646101862351
0.547898676327
0.714959392914
0.630029206351
0.657652966202
0.729187837426
0.896847610299
0.651070654656
0.764987003227
0.861213820324
0.857503152866
0.655966385429
0.817378361298
0.81587022091
0.391883142791
0.832912278522
0.651839802382
0.81751762994
0.517520368689
0.474294984647
0.724506639008
0.280068632049
0.916203690117
0.873330471399
0.534436027889
0.767272367508
0.444963219968
0.21039487888
0.578522967416
0.662960538028
0.415714980168
0.780002304316
0.594855252821
0.636288398217
0.740985075577
0.81649102287
0.566081524192
0.579910305919
0.916930945518
0.374622449739
0.622441697048
0.620765857253
0.330230613188
0.734902499628
0.769460492221
0.826280856358
0.897975454696
0.304174082469
0.661704577797
0.563683226112
0.651587012734
0.634426379664
0.678759558186
0.529798405579
0.567232758174
0.431914105722
0.780921511692
0.385203651317
0.897866064766
0.49675305813
0.648116943307
0.878485618768
0.801577475854
0.352586698869
0.467195225831
0.842368331792
0.522386490532
0.605165204537
0.832380171442
0.763098642279
0.619129309616
0.688086363562
0.656958083884
0.841427832876
0.536558919872
0.759653356423
0.780571671805
0.721172533182
0.394612331882
0.876490306107
0.710222063424
0.64649666695
0.224977548391
0.827583654292
0.785558462534
0.847385084425
0.716978559118
0.593371484629
0.888734408758
0.725935334541
0.258310435319
0.932576593787
0.423170303928
0.78759253043
0.929471031356
0.438665130466
0.672283060653
0.75327986616
0.548640212183
0.757961249708
0.621226359593
0.625852904655
0.739572014288
0.718465984332
0.56347459509
0.778676877156
0.760491589948
0.841151704775
0.812034561705
0.595346188398
0.914084090346
0.796214659047
0.653053152012
0.640004695687
0.850992871912
0.810204923284
0.907023279434
0.775529722784
0.359920650166
0.859250967645
0.939508252553
0.269155794391
0.740909748686
0.449678219941
0.477663415782
0.347753215975
0.604560249836
0.651992593778
0.768823232317
0.915367236334
1.0
0.822079385162
0.676568391407
0.779354480144
0.600536491516
0.58056365358
0.45842326996
0.654989605867
0.850992871912
0.551391549407
0.386229818309
0.814690820929
0.766846410545
0.601458573373
0.638397776284
0.351514157657
0.547921455578
0.438647579312
0.761762792751
0.522915079004
0.757039755293
0.81083328515
0.489354014091
0.866441930601
0.594143315478
0.943057586685
0.806326948039
0.617329657726
0.790522119348
0.745689515405
0.722947911432
0.429313380118
0.745878218087
0.692491646114
0.826225465059
0.625552443631
0.841602490437
0.610017817505
0.54640226453
0.445477019112
0.799037436065
0.586580316569
0.897975454696
0.681275475719
0.787593134558
0.424559464264
0.909327393152
0.863967272928
0.672398788191
0.823226228362
0.706563957827
0.818759926371
0.508569720949
0.64181915526
0.423472799114
0.623876340806
0.68432993205
0.793556831588
0.561359781311
0.576607533046
0.78799953334
0.580419781815
0.589329190803
0.590552142313
0.303390541303
0.523564636871
0.786388966284
0.538552847697
0.918380363757
0.745412558299
0.737542683644
0.187426405369
0.853827378121
0.79178096
0.673142450789
0.817392771913
0.731015029493
0.702764365758
0.827767694359
0.561052545643
0.957907424802
0.942606621068
0.712861913897
0.88348987887
0.814354051612
0.78204177049
0.738001625342
0.73045110825
0.76447543922
0.898984634996
0.604080410209
0.693009639166
0.703989622909
0.694910963792
0.775010141443
0.689386939745
0.60108312899
0.588439728332
0.233397134172
0.821938589813
0.445575936311
0.906297827884
0.85066647988
0.735865242248
0.745296876145
0.666754710758
0.863908065533
0.646681105293
0.459432510222
0.871643126434
0.729444573157
0.918083995897
0.885959314089
0.725365251652
0.79973703727
0.425526119559
0.420297869004
0.700152698653
0.827153193602
0.843442697862
0.665154791663
0.824809848893
0.839902135985
0.93827623511
0.655559924506
0.42891703019
0.6958172333
0.621260481396
0.922030698237
0.885648759745
0.755807065534
0.535831810478
0.604849870286
0.729498980283
0.546981483478
0.665301227959
0.330408746342
0.868565277757
0.628881935153
0.818700400077
0.469213856204
0.804308057878
0.623918051673
0.860039661209
0.977338993328
0.841771089367
0.815229535501
0.707663418343
0.774585409515
0.577794367274
0.859664345255
0.416997537536
0.265300330049
0.574321315424
0.553382268452
0.730777656399
0.697622334226
0.238307504901
0.721792013448
0.443654403424
0.798107153541
0.592128654463
0.833333333333
0.619959830932
0.645745821677
0.678718034442
0.265933554337
0.810212274978
0.609761008607
0.679732064986
0.770145559117
0.930841251456
0.795884480677
0.853904375923
0.820816854478
0.585111260834
0.638214470437
0.697770609336
0.720597974594
0.775549595191
0.982534153372
0.68166798129
0.804322640751
0.808714634218
0.648797753946
0.679393894881
0.91104418145
0.76235624952
0.739131747596
0.663088970984
0.76774183479
0.794654855499
0.71029018873
0.912191280726
0.808545890875
0.95498439267
0.445148214126
0.717625749645
0.556955227097
0.640405295139
0.746405907377
0.954567294064
0.619696548798
0.887953200251
0.706372467234
0.664658350276
0.774378583277
0.807906497096
0.801574845499
0.598757329113
0.584018948868
0.815913866925
0.410330917567
0.740819794072
0.435753518443
0.789020138393
0.6693456185
0.677128946371
0.596120284073
0.880483231186
0.485292083989
0.84399084861
0.541100188765
0.784092509699
0.778456807105
0.773193989186
0.740557944326
0.443665885627
0.708420102223
0.405747788063
0.792841118613
0.607085562246
0.933975117448
0.871734791568
0.771377567723
0.751315518952
0.504713717883
0.585100777257
0.836079707126
0.845292471142
0.488893806172
0.772967118416
0.92965329738
0.90236382847
0.463084757627
0.671034222649
0.31352174552
0.858095383582
0.865846905358
0.783247388387
0.877106264395
0.608142686263
0.818772492224
0.64897665749
0.830802124792
0.873220200526
0.675756070602
0.35122818876
0.533983429613
0.905943374328
0.842543125745
0.643113540925
0.646643865884
0.744967107209
0.757638411009
0.8757123953
0.931626382257
0.690357093406
0.780977954351
0.882386177265
0.764602969668
0.74533325715
0.958640672535
0.59646731506
0.708164937356
0.509124341693
0.820752051644
0.649340864472
0.674676956772
1.0
0.7422642193
0.673757117604
0.95028785613
0.358170466528
0.728215528369
0.377086889713
0.760966224025
0.671413479612
0.481469754608
0.759146241118
0.439619020167
0.627720866182
0.519660752293
0.821564542255
0.56959027339
0.549857574569
0.666870188602
0.956399743893
0.68840694728
0.820416455347
0.833107015349
0.771455229049
0.72727090418
0.532675571723
0.771039685641
0.572976310857
0.530519550424
0.282983914925
0.677677919982
0.773665883921
0.477470269544
0.738923595056
0.491772545506
0.603237500886
0.602301397691
0.844755397569
0.34503412163
0.888261874734
0.774119985563
0.916666666667
0.378347988496
0.684006182196
0.868612524473
0.482863227936
0.745306393016
0.429649831132
0.91641643551
0.89639387272
0.904194668702
0.514445747908
0.75172817969
0.610592140595
0.913784456592
0.822125890559
0.432616010914
0.618856701186
0.646885528767
0.601725784407
0.541572948543
0.534022911963
0.556133536629
0.807612267492
0.830166437894
0.882113996974
0.756719178832
0.795271359036
0.733899628326
0.925662807841
0.711489307108
1.0
0.816619709329
0.784348098515
0.590844147742
0.823711277323
0.53473270084
0.673646211199
0.456350466957
0.855050535217
0.812742809635
0.934277058874
0.523524883453
0.397496540291
0.465682725543
0.531752585835
0.777086894628
0.652951827834
0.880010056949
0.84903008157
0.779432363736
0.517375788945
0.519826851963
0.837029633887
0.726832117187
0.891001898698
0.349686150577
0.921878589555
0.814031022568
0.870859977728
0.541498839493
0.581918325347
0.91928628423
0.859689712902
0.853003620613
0.735312525903
0.76895543946
0.712392042343
0.488609797295
0.572133890216
0.869076033992
0.40541955128
0.867624999837
0.797489517894
0.784480599347
0.540228510335
0.68006504795
0.419373479704
0.896138303287
0.713422720954
0.763732480256
0.778451741128
0.823732007036
0.824777634228
0.36407641534
0.682223867414
0.58493601039
0.841000647626
0.525540047458
0.680800035493
0.73741004854
0.456540723742
0.687218340188
0.695305639488
0.306609450071
0.590589878549
0.763189941118
0.846104130916
0.766398655664
0.786681050346
0.394670715207
0.782833348818
0.638918876702
0.849926639545
0.926624379014
0.472282999996
0.458364390102
0.612326500714
0.730572382153
0.707671204859
0.885817001289
0.878662016928
0.670318693906
0.584268946748
0.647896157599
0.702513327566
0.544146009034
0.429850280678
0.816570209428
0.325657436023
0.631495823961
0.803903102286
0.794138710909
0.642281999865
0.808594110976
0.804387551331
0.749176897465
0.438772580981
0.719822379331
0.831631019179
0.681896934481
0.429704919064
0.809091011622
0.79523041338
0.672362952258
0.586031754081
0.778108784961
0.656099882739
0.897622356453
0.917203466072
0.639045365856
0.548120374184
0.945586171312
0.458650969852
0.549691343421
0.748776284778
0.404774798154
0.954092782519
0.739040395832
0.58573027339
0.615021286435
0.710868744204
0.709466905297
0.616385029698
0.569810795193
0.875708535187
0.804978665286
0.767359121118
0.746721544077
0.607091381806
0.843446517952
0.793125267352
0.883998607528
0.808255810457
0.364100575914
0.472790130393
0.786114728266
0.704210998957
0.880104447365
0.597135065047
0.16011351898
0.514585197006
0.319870135466
0.66321292823
0.824391867873
0.430517603606
0.766692120961
0.848603111249
0.642306093321
0.637556145131
0.786670634975
0.536623536293
0.725937083473
0.876679477268
0.487366212046
0.920940086769
0.448790915422
0.697475676853
0.437048645002
0.833778479008
0.724463477155
0.730860518951
0.582733847539
0.728340529921
0.494680314429
0.613218845662
0.572392208472
0.763474270129
0.82227322085
0.538659687027
0.473331030837
0.428620669371
0.811141842636
0.58257795291
0.852570143871
0.804167608108
0.791612639585
0.933106488018
0.715784048539
0.705836162172
0.713212318185
0.58928974355
0.528311210824
0.533508933965
0.498563170685
0.920027792654
0.626993035493
0.395495781148
0.536319457041
0.797469889329
0.586334988322
0.683870622348
0.743658449515
0.77341164583
0.114175972729
0.409394118267
0.517127475843
0.306695342713
0.784693855685
0.28238296549
0.731627725528
0.508871310443
0.84500691656
0.764374689924
0.62110493998
0.637763891989
0.721576385899
0.490714256796
0.677967018298
0.876818235088
0.811446671896
0.544601260496
0.725835734174
