0.81716470486
0.39593810116
0.792750351927
1.0
0.27430082817
0.349087044885
0.521576366104
0.582939690538
0.540676914239
0.94226196431
0.484153175562
0.697547403827
0.763444492845
0.421432209482
0.695024577589
0.876585176336
0.674737859626
0.846686554138
0.776851280899
0.854369914022
0.696582475304
0.508260060882
0.839059054512
0.678521215687
0.344591226135
0.881522713564
0.316599298703
0.679245435257
0.706280702587
0.741033933892
0.815170155926
0.572631034866
0.413934047332
0.62761479601
0.875
0.555569137741
0.486104325053
0.78964131873
0.785331355739
0.870714606993
0.954207728623
0.543612646827
0.829717877999
0.874867657577
0.852801942955
0.360634910101
0.829944930092
0.527155774655
0.595954070332
0.891326052245
0.704893842163
0.579110758311
0.634652047059
1.0
0.781816099587
0.647963550534
0.730334789253
0.666614734891
0.391648203919
0.879240067723
0.40530731694
0.54777515718
0.679441246247
0.544896804924
0.791788431281
1.0
0.751534601092
0.755559321053
0.460980949694
0.809341933162
0.623188339433
0.805464610993
0.393039476391
0.587382359557
0.827349502349
0.623957912892
0.89778045821
0.85022321724
0.641273734125
0.812467009176
0.677229313706
0.699356689057
0.57532815353
0.630055120523
0.797645109086
0.549424606163
0.674528852035
0.788388739037
0.957012752244
0.495003437482
1.0
0.792435020671
0.816069133753
0.524869367556
0.875007749332
0.45565245398
0.376489160066
0.884572894431
0.515353422374
0.702236667055
0.565247346095
0.622240485061
0.549495346949
0.942186158484
0.744525326139
0.529874584896
0.582264448429
0.774105363246
0.57006275351
0.794204018794
0.595602173536
0.63229193594
1.0
0.432490499856
0.76087395235
0.612044327109
0.610717803438
0.72287299701
0.854147899025
0.889517872556
0.832261524329
0.926070912521
0.46000672121
0.668461828304
0.61575419306
0.641088709573
0.527542308155
0.810301809726
0.700937734855
0.768928974975
0.35393331784
0.267752618726
0.802213863528
0.543645051711
0.711726545202
0.880627952322
0.826412364326
0.39995089766
0.729854416211
0.58084259782
0.420315464144
0.889104078338
0.505517165663
0.237620183055
0.549844370707
0.665553812641
0.835202605729
0.881877439498
0.76308624518
0.863877545335
0.839330623422
0.770180977003
0.891806404865
0.378174508573
0.42749222704
0.633831134037
0.41091419905
1.0
0.788179421559
0.934430501618
0.816585968745
0.910874501055
0.65235796994
0.859301340019
0.452170337931
0.8509298098
0.635356327888
0.84044354725
0.485367261412
0.899348279396
1.0
0.697377863302
0.94886684233
0.900689987671
0.442598020686
0.699665662677
0.869910963248
0.808771339839
0.350801054039
0.433698248811
0.40156997662
0.532087967564
0.715957635504
0.759704572826
0.770681534408
0.46248526398
0.896641219526
0.460678949934
0.816205740218
0.875
0.731904168871
0.666233829131
0.83605486437
0.649018608478
0.771074323995
0.893429404914
0.326340016414
0.75707289217
0.994298174933
0.722219336858
0.192057392409
0.946736584325
0.755141124096
0.60872365472
0.601620589987
0.625386493791
0.682165983277
0.730650264903
0.684809991252
0.659328316375
0.448465545222
0.606439915975
0.678677601735
0.697182912914
0.355481455826
0.653825455909
0.700719310047
0.711294745308
0.91620523588
0.577888082359
0.515085966942
0.947127648411
0.613965015818
0.772059600302
0.932718198744
0.774777116314
0.403002766001
0.531513986389
0.194394200177
0.424553299272
0.623445407899
0.704235282955
0.957479129599
0.658875816106
0.832055879407
0.72148204984
0.76404151772
0.711312080799
0.606213047187
0.660796927758
0.686005179643
0.515603189837
0.804849302942
0.446655838762
0.918959674968
0.818451266507
0.404261768271
0.850192502215
0.828075777283
0.654409803775
0.653638868227
0.776144637004
0.916666666667
0.86433184232
0.593067205723
0.604397747923
0.759939485863
0.899119167752
0.590738260267
0.922624751998
0.883462732947
0.539308379255
0.883380141625
0.886026867554
0.746229865
0.57812222699
0.896363122212
0.406492191197
0.65840921243
0.647546626614
0.692748250034
0.867996057286
0.446437398633
0.360428072316
0.742331866799
0.829609775963
0.757331562651
0.583942039099
1.0
0.690632058523
0.905991398839
0.815487875693
0.806419281815
0.938445278464
0.814194511002
0.61503100084
0.864758273363
0.0695917152473
0.847613909873
0.640383248733
0.781401278633
0.81368361461
0.896186601657
0.66047646363
0.716346327821
0.814392013818
0.868784522575
0.700481254228
0.658687113695
0.916048651506
0.75598203959
0.891428134541
0.375351778766
0.635424508988
0.587856543328
0.849310591905
0.611328885542
0.710150864177
0.468740553183
0.606872911105
0.270015978004
0.213452950559
0.488266809923
0.591832759472
0.711721004366
0.618049492621
0.871740887957
0.642174800359
0.464803375737
1.0
0.649289342863
0.895009916232
0.864779416786
0.755047880647
0.955109252823
0.9375
0.701846561279
0.833379801101
0.557286323209
0.910414126539
0.868543682493
0.502290284685
0.867455137501
0.574327753124
0.836643356697
0.661348284953
0.49189448307
0.833333333333
0.466911674831
0.624742952082
0.785063351532
0.630221911498
0.538094042781
0.717361178742
0.747811552532
0.768636635
0.72413455989
0.693708634413
0.7850854916
0.792371023289
0.792257127603
0.825611246843
0.602837894552
0.836733532791
0.652860399486
0.302280934895
0.844726286708
0.592565234423
0.727696197549
0.413559489512
0.860621977599
0.937723932326
0.726562857463
0.65802558417
0.33191646215
0.659824203883
0.751318484242
0.778127529879
0.267855467722
0.582151004835
0.69409539738
0.678309602133
0.706327742636
0.560914005415
0.432715096346
0.62477395202
0.630931503256
0.636707216997
0.715397320753
0.945165327184
0.665316814362
0.223624974743
0.771649421711
0.629286319607
0.129338892518
0.816752452342
0.344580065408
0.93827409987
0.704216749451
0.756291307965
0.35539954604
0.748854076137
0.383466961174
0.685623056879
0.860720794561
0.627297112643
0.561829541856
0.0769855869129
0.540015752402
0.784807511454
0.576893754665
0.821447156838
0.442383317675
0.824190838125
0.895553475558
0.583312713342
0.318420461045
0.646243647455
0.826488320951
0.530604825053
0.520466445161
0.663018539702
0.623384320444
0.49334244141
0.846951182752
0.645106510026
0.822572409123
0.721236347546
0.571553572291
0.596180228197
0.760905881148
0.90174098139
0.765924885631
0.378301199605
0.650015583245
0.39238925942
0.789986234373
0.514206530973
0.696946325019
0.73767441398
0.356148629425
0.729065437556
0.53592328468
0.621962144816
0.515887122895
0.953077775948
0.874634177278
0.579144604712
0.935890820072
0.736164439527
0.34370518384
0.58511654843
0.59288438785
0.624110057224
0.930924123967
0.247353638358
0.620811291284
0.201833697466
0.842873345253
0.785714285714
0.84996272597
0.58125831891
0.679621256725
0.547706266453
0.735724517763
0.518730674112
0.649865003631
0.763688039402
0.794236021797
0.660674084456
0.645460974877
0.768644639454
0.788819879566
0.850532971802
0.730377911824
0.820465259819
0.865697311933
0.646881397415
0.838521911603
0.922389440273
0.801016194592
0.863896015603
0.42663590098
0.707890408289
0.701701006017
0.959249508146
0.654586273819
0.772301287952
0.811652962494
0.760126899864
0.489028117793
0.804942950342
0.592199974449
0.910816786396
0.630444552795
0.551945791984
0.667837920535
0.522614102279
0.750293576906
0.884694827926
0.823688614844
0.745994859809
0.352028567838
0.735093600496
0.555038845536
0.577891417475
0.936630795923
0.744707859173
0.878772263466
0.499643501949
0.849909541249
0.885967213069
0.485316263672
0.648973040301
0.740749493131
0.794045563908
0.350368504195
0.835938000846
0.90919893791
0.649058894581
0.6824915986
0.793021552006
0.554864050734
0.731452888179
0.377821262961
0.483069780013
0.447836044186
0.565298841395
0.638750737285
0.953481278855
0.489923895314
0.843298317601
0.86434307179
0.788040689236
0.398821917943
0.192449201317
0.368281936632
0.670422535036
0.282861638169
0.786797708172
0.158726471078
0.742496376302
0.219524708975
0.887801245242
0.743611381252
0.912698948669
0.623032701584
0.717568855226
0.787723201565
0.682027003605
0.754948177208
0.68904686668
0.579136912029
0.552114146335
0.759073253392
0.873609725278
0.487080572828
0.794936124629
0.813683768925
0.648997642877
0.839759550307
0.598717062577
0.565300048147
0.283905570539
0.892944163463
0.831515433575
0.655502547487
0.852876752557
0.715988199648
0.928024380395
0.672208176229
0.504749408032
0.750732694308
0.740012960221
0.402719110453
0.180993599781
0.762846463915
0.7721867779
0.445241906738
0.672209489414
0.810529861043
0.828479365984
0.458448667256
0.671999188533
0.955433259056
0.788751207263
0.634126964684
0.831459171022
0.436323928181
0.891927488336
0.374762616613
0.607922743892
0.469411793357
0.65368769446
1.0
0.848245678605
0.641007468466
0.260879514777
0.661575552134
0.393703349273
0.766383808129
0.466919121766
0.764344181639
0.452504306951
0.625578850898
0.597564980847
0.457455493225
0.873221167979
0.415432946565
0.638774540423
0.604737002277
0.80450721461
0.745599955862
0.680042332189
0.65172330178
0.698506649073
0.794100434678
0.653653889516
0.787313915225
0.808740597132
0.753113577987
0.5751468491
0.6964228778
0.59682743859
0.934790495445
0.828679880612
0.724987029105
0.596446079988
0.713451270334
0.926694063108
0.900587939137
0.308067576454
0.886696052146
0.811880650802
0.672327343258
0.710922786674
0.634054924308
0.571276523021
0.529716018813
0.882694180552
0.396654716898
0.822590561082
0.7505498831
0.621110855717
0.54267358945
0.749459397017
0.451070007455
0.544090058183
0.280826291891
0.68052957489
0.358941933611
0.84724466975
0.530596730464
0.795261549387
0.345241400315
0.659452730325
0.496252543467
0.411587521032
0.356670462534
0.615555379973
0.938521564034
0.815362302315
0.576302138093
0.728175543417
0.881119440082
0.641850388139
0.681487402198
0.626944859525
0.72315741877
0.639802138747
0.507550484435
0.84183006394
0.336393805249
0.817668216723
0.714516554344
0.68698359235
0.671321032442
0.761702217229
0.715316012159
0.699362975552
0.621700553
0.907742317949
0.755878515502
0.813638064134
0.621221236739
0.154376670581
0.416481338233
0.459696623095
0.618940246485
0.716680337024
0.858263221649
0.778722450673
0.483780331008
0.374955193144
0.760896096648
0.897825603033
0.621428929468
0.610634169483
0.938593200622
0.584221687846
0.7247862714
0.804776383389
0.370609818604
0.807770497087
0.424653943756
0.868060992636
0.581274635341
0.881493257746
0.693557748321
0.531006292349
0.787000751454
0.756976734383
0.68770438155
0.797898247668
0.567918410229
0.747318614916
0.811810990868
0.700817637504
0.726299577046
0.441104868288
0.849681781423
0.417760440746
0.738194512537
0.653492924061
0.116628785114
0.362960723723
0.686031486164
0.753921398734
0.972606303812
0.678472666875
0.890600440522
0.680311016743
0.54820909676
0.806214423794
0.555456999466
0.164877777213
0.895562738308
0.856412802721
0.624629607833
0.839734667642
0.405701844092
0.860455564763
0.486673737786
0.732293713348
0.633690458304
0.736118570895
0.843987629251
0.733333333333
0.786117482288
0.525864822512
0.426140045137
0.671310333201
0.651510483558
0.777537719761
0.809977014698
0.811806620723
0.756409057187
0.379024023152
0.716106085473
0.642898977151
0.836103681963
0.587715251021
0.514180521202
0.771510559743
0.716452695654
0.858948570343
0.873884270878
0.581949108631
0.691179941
0.849681781423
0.937693409128
0.911309255291
0.752920252853
0.486207569711
0.665070266544
0.769656518423
0.770064435761
0.934726433991
0.916666666667
0.819269126667
0.541477616899
0.56800198183
0.647903869691
0.361345601416
0.443444685129
0.941486401521
0.886687235482
0.858486466603
0.773080164624
0.911195668699
0.442027813462
0.482674461485
0.75561444374
0.565748514417
0.763164235324
0.769298201291
0.899498303279
0.703269583811
0.504414619591
0.530429685187
0.753148584247
0.823254595651
0.728827712338
0.702419742718
0.717912604123
0.571042765513
0.817741534359
0.859150452776
0.624071201263
0.780960317477
0.813126015641
0.618944174881
0.559687906533
0.502860464647
0.511966099766
0.334005528016
1.0
0.527387714556
0.640054459527
0.534035251722
0.613025169413
0.441098647715
0.604860625567
1.0
0.580436257874
0.722543564155
0.641748919723
0.682910714196
0.366641960514
0.804602341578
0.605316780505
0.868461780947
0.675826070601
0.744080314802
0.493984929466
0.76148752001
0.65388684684
0.825301190133
0.556888578721
0.713356442711
0.607025701836
0.432209244886
0.60121275618
0.811702768936
0.908326311576
0.522128266474
0.814311385212
0.627306663533
0.508431443424
0.890748167102
0.465931806428
0.754731663797
0.55821956687
0.749119190967
0.335236080249
0.680365111242
0.863102002233
0.804391106232
0.619539263598
0.508650258321
0.65308461951
0.530622563881
0.799186860459
0.664714539388
0.942279702697
0.649602568209
0.76584860797
0.621467938587
0.626358857215
0.626933594535
0.861117936639
0.68516119434
0.488181481122
0.888798907201
0.722184302578
0.881387987423
0.617385934334
0.831306639991
0.638447434085
0.256198686504
0.740948059529
0.544467068599
0.416253933418
0.965765759316
0.917893307117
0.727137679637
0.909522459847
0.69010019279
0.540062600397
0.786117482288
0.50231611426
0.57573252721
0.693764853774
0.144108177109
0.381930859733
0.662236860295
0.93250550594
0.775564535984
0.686117521706
1.0
0.756329278194
0.944651849826
0.383746460142
0.645292025002
0.87471763365
0.765169964321
0.69704908826
0.687001826705
0.865248295041
0.405243718784
0.534993622382
0.213238521134
0.733265597383
0.831618115616
0.549055511124
0.769075278593
1.0
0.857824923902
0.724453057448
0.327003038233
0.486945772122
0.819718597905
0.737385139652
0.554840040958
0.702996257015
0.707906980037
0.593934442335
0.195464463392
0.741134044975
0.536302081636
0.493387992019
0.727844470516
0.782571378498
0.419574164165
0.85805338238
0.199970321802
0.834002977678
0.286910842273
0.837333105916
0.640333084555
0.663672117785
0.574921251337
0.745565339636
0.906858500703
0.807887101677
0.715927805637
0.445854506791
0.5972708304
0.900879482741
0.697540525389
0.409664506619
0.520689726796
0.587555489678
0.520166658252
0.832936593236
0.388084049844
0.60904532782
0.523719355715
0.534162067169
0.513154574131
0.596738082408
0.815018915505
0.644889878019
0.730593961535
0.879943164355
0.355134312295
0.692109820602
0.6356314436
0.202638304107
0.869362280618
0.741518787084
0.368004563695
0.704614746537
0.12596145161
0.747456738591
0.805390275587
0.786325907321
0.482678017962
0.885877120521
0.94388306863
0.532117762321
0.772443702032
0.882167126879
0.852283165392
0.638541640592
0.811938989388
0.627182235815
0.886787883667
0.14055282239
0.597611816041
0.739579847922
0.753168302993
0.707132087287
0.802465226693
0.389967842391
0.667557504925
0.807217550439
0.878222737941
0.881211898685
0.556464173601
0.582145491956
0.667276615254
0.159573377207
0.655770871358
0.728483957995
0.321509387986
0.488416061007
0.959651214272
0.959950350399
0.720389805496
0.786528429703
0.733512765461
0.740754903848
0.767271826612
0.918482604136
0.69948547014
0.842419477243
0.614815053942
0.879324019386
0.814061090903
0.622404978677
0.609891572965
0.671813555512
0.692205088484
0.71434883274
0.852258614221
0.60506866896
1.0
0.730483690581
0.724215993455
0.714465934107
0.63665871625
0.973519095216
0.137740000232
0.719076436232
0.93074987804
0.612790054541
0.522170718827
0.512930188582
0.878698355613
0.880990599123
0.850505616529
0.720593834873
0.887801245242
0.797328843459
0.159446713459
0.454122082652
0.704178459516
0.538664893858
0.767583469873
0.815737074814
0.749377740524
0.669308844041
0.645363755653
0.701212752127
0.160547694534
0.566602603302
0.642607615465
0.758459615098
0.141314966261
0.712944495402
0.539773471795
0.351463290668
0.800487912657
0.715537277918
0.627062019822
0.711618523012
0.337505685869
0.422073981866
0.513774234892
0.561515851946
0.709873716943
0.219434988712
0.64543976979
0.521135411816
0.740796050749
0.871759356002
0.814526906571
0.531318358671
0.765988882543
0.732774052359
0.80836153474
0.679130154226
0.967195390973
0.897532195383
0.968009500634
0.492586888553
0.812197163001
0.563742472777
0.740289278641
0.704461084156
0.894548265059
0.721589507434
0.765348855005
0.822500269014
0.851034981506
0.881587646696
0.606213047187
0.310162396701
0.808257705099
0.349635881272
0.609273327742
0.742665834542
0.409676965584
0.634187297918
0.548243998542
0.83168730339
0.731296042936
0.707868907768
0.816010177358
0.833333333333
0.690527285159
0.458906088797
0.575574777339
0.976572499123
0.871557941899
0.570009448007
0.544186635184
0.8582389916
0.864549360277
0.385124448029
0.8
0.782105349389
0.864294014062
0.366906615157
0.525667696912
0.582953746398
0.38597627762
0.589365226316
0.670157190776
0.873600009033
0.674991213272
0.768545497012
0.719359331407
0.431649443973
0.8
0.386568522816
0.771692871919
0.782630157719
0.896898181229
0.533098243991
0.59709031358
0.674649329021
0.244410829154
0.862271515474
0.739237203392
0.738986076353
0.64867591276
0.757758949253
0.789915240285
0.721591191288
0.91778363437
0.585130783112
0.70857754196
0.734151586554
0.330207953978
0.468177194319
0.436532352028
0.665444496048
0.5622683565
1.0
0.409528228488
0.791837434068
0.902115108526
0.911976172911
0.387485449966
0.763437843287
0.769543051591
0.690014074909
0.538592316818
0.884807909357
0.493574779121
0.943133052988
0.599495741424
0.647280654416
0.889540796456
0.87134417152
0.362882816774
0.499269361326
0.783757762196
0.661263525041
0.299533431795
0.409594820599
0.676840789865
0.463313930192
0.653886944232
0.467868011445
0.642865085049
0.510214062377
0.730301201812
0.6212236811
0.594256034594
0.27775454608
0.813286260181
0.655788121701
0.695603015569
0.938578372815
1.0
0.815192299609
0.799551165018
0.739189584722
0.679110414183
0.792519202495
0.775948835456
0.89204942971
0.825760217805
0.717210617478
0.837622849221
0.592926737667
0.772750380901
0.727349879537
0.737518614747
0.439848010886
0.61416610501
0.75124889977
0.693242697238
0.246929279912
0.596659658
0.615629096326
0.891571381134
0.79533795746
0.209475837085
0.859795288764
0.800050493108
0.655536454346
0.615641829773
0.779990240807
0.799469240498
0.556727878777
0.617464698189
0.951726556595
0.846620887675
0.848548976136
0.9
0.744040033549
0.548701978848
0.757485992592
0.850082746017
0.705331121174
0.877580537199
0.68305823918
0.716813978052
0.722376092533
0.454539968619
0.792890037794
0.974902190339
0.475038940814
0.316056795132
0.364818308977
0.806496300661
0.420862637272
0.482829155381
0.724673922544
0.742891631303
0.929102257684
0.559893811701
0.679110414183
0.374513343071
0.924966989033
0.818541886287
0.525328890811
0.549540614807
0.741302003344
0.59101837577
0.458018721496
0.66486073465
0.744687612653
0.816208988867
0.867969921433
0.679701087578
0.89807690921
0.582514251525
0.873609725278
0.82562232973
0.612358536428
0.622286915011
0.57108139369
0.504013274038
0.800818687685
0.87011684335
0.659309932475
0.737042883801
0.702944438816
0.916666666667
0.700841467474
0.523441467261
0.687001555215
0.653811772388
0.73030086677
0.867071468198
0.642325387744
0.793717880356
0.896544157161
0.641748919723
0.535962945779
0.515315425942
0.349758452634
0.821477539094
0.621307501436
0.718780568544
0.84283879145
0.661904454958
0.839874713381
0.586954575538
0.75561656901
0.588449193036
1.0
0.323890868774
0.276730779138
0.579450312916
0.663006975454
0.923300805721
0.358063206268
0.8063571114
0.666666666667
0.914041668416
0.635242191408
0.392620943223
0.737093835276
0.570144271252
0.670157038807
0.847574231146
0.873157492828
0.702818803694
0.826839805774
0.901067024373
0.56584798024
0.903040108675
0.810261093353
0.545842058491
0.619508107184
0.634830546323
0.477894831887
0.731140535561
0.659828847507
0.857142857143
0.628659726038
0.700181903182
0.680553977406
0.418947360544
0.871250224971
0.915571651246
0.746527596499
0.526327691372
0.723403866041
0.831361579926
0.628696829124
0.810028226827
0.538046002058
0.949402414103
0.47980861532
0.43923204344
0.391943362679
0.427213722206
0.647234651754
0.688814275719
0.670309033542
0.757745423109
0.876201483951
0.798045084571
0.7392334458
0.586531201259
0.756828573465
0.653255223286
0.747573077525
0.660902007642
0.974548620536
0.51726627746
0.746598945356
0.544088063156
0.928577017422
0.526930907014
0.831305572373
0.574165273564
1.0
0.444431668916
0.932472018647
0.417354852822
0.74687483476
0.690112372482
0.681713314172
0.354408655407
0.656432184239
0.663000121419
0.832738600256
0.882215983149
0.788507804139
0.745340072345
0.798727398727
0.735737573702
1.0
0.548500477198
0.729653818496
0.950353912611
0.482768013922
0.961999906651
0.777534278768
0.614418951112
0.835791726351
0.768042534955
0.534964803611
0.862238738926
0.663030646802
0.710458473917
0.731112695882
0.245393239062
0.769785473527
0.806419281815
0.693828929217
0.875823754567
0.839615666961
0.85593823968
0.871146809351
0.586011686997
0.849605392618
0.769582046713
0.786359525395
0.835392545031
0.424791726881
0.808751309009
0.760655503943
0.782393788522
0.783656989486
0.581344120056
1.0
0.956384300652
0.522810662874
0.855113829489
0.632752429061
0.667930924296
0.878012957433
0.819884019483
0.772598115184
0.891332725219
0.496224599223
0.772453141082
0.604809740712
1.0
0.84301560747
0.761308283381
0.955820740443
0.815986510934
0.765998256199
0.360932931041
0.624084069272
0.615163747256
0.49860093437
0.125551956588
0.454901187787
0.631083253745
0.840012091793
0.535664788886
0.770124904604
0.935528086442
0.544746296011
0.781303524781
0.867929246705
0.430005632075
0.930244678049
0.481712124861
0.78121575479
0.505808788768
0.779400978979
0.833442895028
0.923337013479
0.686107770553
0.855803771466
0.650148880313
0.488179779161
0.725115668119
0.821397785751
0.484228784689
0.896820879113
0.793442416133
1.0
0.561840506256
0.74596492024
0.593527673587
0.830860423223
0.601456170299
0.767139756815
0.105841789759
0.326872612597
0.930670523564
0.878981624613
0.747956392928
0.439362036312
0.817983011262
0.157690517733
0.807886420199
0.738435406346
0.390788681583
1.0
0.441559573492
0.467667864479
0.512710038244
0.861810486474
0.700309204969
0.702061717592
0.495646895208
0.784662226157
0.744460509233
0.720323108102
0.826185370412
0.720323108102
0.611359513889
0.794463294596
0.921404281575
0.0782591008216
0.496335473075
